1.499996010000000102e-01 0.000000000000000000e+00
2.500000000000000555e-01 0.000000000000000000e+00
3.999996009999999824e-01 0.000000000000000000e+00
5.499992019999999648e-01 0.000000000000000000e+00
6.499996010000000934e-01 0.000000000000000000e+00
7.999996010000001156e-01 0.000000000000000000e+00
9.499996010000000268e-01 0.000000000000000000e+00
1.050000000000000044e+00 0.000000000000000000e+00
1.150000000000000133e+00 0.000000000000000000e+00
1.250000000000000222e+00 0.000000000000000000e+00
1.399999601000000204e+00 0.000000000000000000e+00
1.549999201999999743e+00 0.000000000000000000e+00
1.649999202000000054e+00 0.000000000000000000e+00
1.749999601000000071e+00 0.000000000000000000e+00
1.899999600999999982e+00 0.000000000000000000e+00
2.049999600999999672e+00 0.000000000000000000e+00
2.149999999999999911e+00 0.000000000000000000e+00
2.250000000000000000e+00 0.000000000000000000e+00
2.350000000000000089e+00 0.000000000000000000e+00
2.450000000000000622e+00 0.000000000000000000e+00
2.599999601000000382e+00 0.000000000000000000e+00
2.749999201999999698e+00 0.000000000000000000e+00
2.849999600999999938e+00 0.000000000000000000e+00
2.950000000000000622e+00 0.000000000000000000e+00
3.099999581000000504e+00 0.000000000000000000e+00
3.249999162000000386e+00 0.000000000000000000e+00
3.349999581000000504e+00 0.000000000000000000e+00
3.450000000000000178e+00 0.000000000000000000e+00
3.599999581000000060e+00 0.000000000000000000e+00
3.749999162000000386e+00 0.000000000000000000e+00
3.849999581000000060e+00 0.000000000000000000e+00
3.999999580999999527e+00 0.000000000000000000e+00
4.149999161999999409e+00 0.000000000000000000e+00
4.249999580999999971e+00 0.000000000000000000e+00
4.396903271000000224e+00 0.000000000000000000e+00
4.546902851999999662e+00 0.000000000000000000e+00
4.649999161999999409e+00 0.000000000000000000e+00
4.749999581000000859e+00 0.000000000000000000e+00
4.849999999999999645e+00 0.000000000000000000e+00
4.980937581000000058e+00 0.000000000000000000e+00
5.119215421999999904e+00 0.000000000000000000e+00
5.238277421999999461e+00 0.000000000000000000e+00
5.349999161999999586e+00 2.418239568048212180e-03
5.449999581000000148e+00 8.913600827427302711e-03
5.599999580999999615e+00 2.128474700268290568e-02
5.749999580999999971e+00 3.215499413315521526e-02
5.849999999999999645e+00 3.843237304668338516e-02
5.999999580999999971e+00 4.652354698924888315e-02
6.149999162000000297e+00 5.317544843812303107e-02
6.249999580999999083e+00 5.689584545738392979e-02
6.350000000000000533e+00 6.013571906561428204e-02
6.499999580999999971e+00 6.423857439948732484e-02
6.649999161999999409e+00 6.754852003847500175e-02
6.749999580999999971e+00 6.937016726107862741e-02
6.849999999999999645e+00 7.093768515769074967e-02
6.999999581000000859e+00 7.289194461330211761e-02
7.149999162000000297e+00 7.443255941037803247e-02
7.249999581000000859e+00 7.525961416563139994e-02
7.349999999999999645e+00 7.595516676391546318e-02
7.479469346000000129e+00 7.669078635052418991e-02
7.629468927000001344e+00 7.734583238468652200e-02
7.749999580999999971e+00 7.774037155225901885e-02
7.850000000000000533e+00 7.799391474653426248e-02
7.999999580999999971e+00 7.827657588741185335e-02
8.149999580999999438e+00 7.846145013212250940e-02
8.249999999999998224e+00 7.853983552573795546e-02
8.377523470999999944e+00 7.860247998972966221e-02
8.527523051999999382e+00 7.863578018244699042e-02
8.649999580999999438e+00 7.864169675720099340e-02
8.750000000000000000e+00 7.864169675720099340e-02
8.879553911000000355e+00 7.864169675720099340e-02
9.029553491999999792e+00 7.864169675720099340e-02
9.149999580999999438e+00 7.864169675720099340e-02
9.250000000000000000e+00 7.864169675720099340e-02
9.399999581000001214e+00 7.864169675720099340e-02
9.549999580999999793e+00 7.864317319762718916e-02
9.650000000000002132e+00 7.864803906481238061e-02
9.799999581000001569e+00 7.866888828845398918e-02
9.949999581000000148e+00 7.870883317025009762e-02
1.009999958099999873e+01 7.876940389961349653e-02
1.024999916199999817e+01 7.885193232573242672e-02
1.034999958100000050e+01 7.891962909434790951e-02
1.049999958099999908e+01 7.904105317231305272e-02
1.064999958099999944e+01 7.918704171052602658e-02
1.079999958099999979e+01 7.935843988799579085e-02
1.094999958100000015e+01 7.955621840887841523e-02
1.109999958099999873e+01 7.978142577067828811e-02
1.124999916199999994e+01 8.003493944921105663e-02
1.134999958099999873e+01 8.022009719561194740e-02
1.149999958100000086e+01 8.052319886630288082e-02
1.164999958100000121e+01 8.085787683103620727e-02
1.179999958150000161e+01 8.122583913506403741e-02
1.194999958149999841e+01 8.162898996602380164e-02
1.209999958150000055e+01 8.206964848676601143e-02
1.224999916300000002e+01 8.255036851783745244e-02
1.234999958150000055e+01 8.289433307905338943e-02
1.249999958149999912e+01 8.344852878055514234e-02
1.264999958149999948e+01 8.405122198453524041e-02
1.279999958159999984e+01 8.470580052058593323e-02
1.294999958160000020e+01 8.541553969641420274e-02
1.309999958150000055e+01 8.618297931433904768e-02
1.324999916299999825e+01 8.701006398209777670e-02
1.334999958150000055e+01 8.759496334468447332e-02
1.346649682749999855e+01 8.830986861545216116e-02
1.361649640899999980e+01 8.928184058664746792e-02
1.374999916300000002e+01 9.019364309171323812e-02
1.384999958150000232e+01 9.090366268647204206e-02
1.399999958100000086e+01 9.200749381425347984e-02
1.414999958100000121e+01 9.315466574858057014e-02
1.426787864599999978e+01 9.408442956567519833e-02
1.441787822699999921e+01 9.530006880216877752e-02
1.454999958099999979e+01 9.639909670225010885e-02
1.464999999999999858e+01 9.724749723592258921e-02
1.479999958099999979e+01 9.854496105059332156e-02
1.494999958100000015e+01 9.987041904249931157e-02
1.508792938599999900e+01 1.011104523022332002e-01
1.523792896700000021e+01 1.024752838503539126e-01
1.534999958099999873e+01 1.035002147516841803e-01
1.550000000000000000e+01 1.048699850089805652e-01
1.565000000000000036e+01 1.062349975503968785e-01
1.580000000000000071e+01 1.075952551283395203e-01
1.597664904599999858e+01 1.091910952121948053e-01
1.611805856700000206e+01 1.104638109245807687e-01
1.624140952100000135e+01 1.115713035017589644e-01
1.635000000000000142e+01 1.125455332127075353e-01
1.645000000000000284e+01 1.134427042216017978e-01
1.660000000000000497e+01 1.147885026920792695e-01
1.680000000000000071e+01 1.165829686603804677e-01
1.695000000000000284e+01 1.179288330376982302e-01
1.705148837600000178e+01 1.188394346006024366e-01
1.720148837599999680e+01 1.201849914308627532e-01
1.735000000000000142e+01 1.215163410342301742e-01
1.745000000000000284e+01 1.224122074769350144e-01
1.760000000000000497e+01 1.237551448513150298e-01
1.780000000000000426e+01 1.255441084214417302e-01
1.795000000000000284e+01 1.268845813017416557e-01
1.810000000000000142e+01 1.282235451165949780e-01
1.830000000000000071e+01 1.300051313188063384e-01
1.845000000000000284e+01 1.313379852011131166e-01
1.860000000000000142e+01 1.326678259930291204e-01
1.880000000000000071e+01 1.344362850528660336e-01
1.895000000000000284e+01 1.357590963517179838e-01
1.910000000000000497e+01 1.370784090293443724e-01
1.925000000000000355e+01 1.383933964853232557e-01
1.940000000000000568e+01 1.397035342591293472e-01
1.960000000000000497e+01 1.414425753823040366e-01
1.975000000000000355e+01 1.427409606559416622e-01
1.986821690600000423e+01 1.437606748473230500e-01
2.001195539200000084e+01 1.449963260302973844e-01
2.014373848600000017e+01 1.461248405456855304e-01
2.025000000000000355e+01 1.470312784207959134e-01
2.035506941855000207e+01 1.479241768619738717e-01
2.050506941855000065e+01 1.491931155513054885e-01
2.065000000000000213e+01 1.504126859689100537e-01
2.075000000000000355e+01 1.512504472667460520e-01
2.090000000000000568e+01 1.525014229137685307e-01
2.107849303100000427e+01 1.539811474566802618e-01
2.122849303100000284e+01 1.552168803755616666e-01
2.140000000000000568e+01 1.566202796010035259e-01
2.160000000000000497e+01 1.582435039990032211e-01
2.175000000000000355e+01 1.594514752501150767e-01
2.190000000000000213e+01 1.606513651907364448e-01
2.205101437100000439e+01 1.618512066657673831e-01
2.218293087199999647e+01 1.628926014835238578e-01
2.233191650099999848e+01 1.640610211227987447e-01
2.245000000000000284e+01 1.649809542014570585e-01
2.260000000000000142e+01 1.661414730846586807e-01
2.275000000000000355e+01 1.672929569983193088e-01
2.290000000000000213e+01 1.684354054645732512e-01
2.310000000000000142e+01 1.699446392870478106e-01
2.325000000000000355e+01 1.710660058668819483e-01
2.335400890100000026e+01 1.718382372781192269e-01
2.350400890099999884e+01 1.729440671012672237e-01
2.365000000000000213e+01 1.740110854431510257e-01
2.375000000000000355e+01 1.747366107384346612e-01
2.390000000000000568e+01 1.758167707357174148e-01
2.410000000000000497e+01 1.772418023057995007e-01
2.425000000000000355e+01 1.782991553857404265e-01
2.435848750100000260e+01 1.790577841591141084e-01
2.450325770200000264e+01 1.800621765096047378e-01
2.464477020100000360e+01 1.810350793191665419e-01
2.475000000000000355e+01 1.817527002677297165e-01
2.490000000000000213e+01 1.827669030424302066e-01
2.510000000000000142e+01 1.841032028028153356e-01
2.525000000000000355e+01 1.850934170819545088e-01
2.540000000000000568e+01 1.860733503132738220e-01
2.556522745100000193e+01 1.871408676716607156e-01
2.571522745100000407e+01 1.880991934011158329e-01
2.590000000000000568e+01 1.892655282767783109e-01
2.610000000000000497e+01 1.905103116682944075e-01
2.625000000000000355e+01 1.914318030630610956e-01
2.640000000000000213e+01 1.923429381603862509e-01
2.660000000000000497e+01 1.935416949741233794e-01
2.675000000000000355e+01 1.944286659569005038e-01
2.690000000000000213e+01 1.953052806671453090e-01
2.710000000000000142e+01 1.964581775839288891e-01
2.725000000000000711e+01 1.973111003132926866e-01
2.740000000000000924e+01 1.981541665959590526e-01
2.760000000000000142e+01 1.992630346191364143e-01
2.775000000000000711e+01 2.000832443141387917e-01
2.789999999999999858e+01 2.008936581358066464e-01
2.808471415100000002e+01 2.018781753617984731e-01
2.823471415100000215e+01 2.026667290585161263e-01
2.839999999999999858e+01 2.035245940780598117e-01
2.860000000000000497e+01 2.045479491864461430e-01
2.875000000000000355e+01 2.053052295483961398e-01
2.889999999999999858e+01 2.060538394055860811e-01
2.910000000000000497e+01 2.070385130457308709e-01
2.925000000000000355e+01 2.077668921146935410e-01
2.939746085100000172e+01 2.084744891667756062e-01
2.954746085099999675e+01 2.091856739039668345e-01
2.965000000000000213e+01 2.096668567683003526e-01
2.975000000000000355e+01 2.101324055087606113e-01
2.990000000000000213e+01 2.108244427193653736e-01
3.010000000000000497e+01 2.117357972330442817e-01
3.025000000000000355e+01 2.124107739114797222e-01
3.040000000000000213e+01 2.130784388114000949e-01
3.060000000000000497e+01 2.139572965315207631e-01
3.075000000000000355e+01 2.146079009117692615e-01
3.090000000000000213e+01 2.152511935246649577e-01
3.110000000000000853e+01 2.160979626831551204e-01
3.125000000000000355e+01 2.167253299276827860e-01
3.140000000000000213e+01 2.173465525765505557e-01
3.160000000000000853e+01 2.181654928872202026e-01
3.175000000000000711e+01 2.187726665050933605e-01
3.190000000000000213e+01 2.193738190173092351e-01
3.205000000000000426e+01 2.199689505565582404e-01
3.215000000000000568e+01 2.203623553161204451e-01
3.225000000000000000e+01 2.207530840881443135e-01
3.235000000000000142e+01 2.211411368728047888e-01
3.250000000000000711e+01 2.217184540745200105e-01
3.265000000000000568e+01 2.222904311052062154e-01
3.275000000000000000e+01 2.226689301869353155e-01
3.285000000000000142e+01 2.230452383062271338e-01
3.300000000000000711e+01 2.236055980866535620e-01
3.314999999999999858e+01 2.241610282023863421e-01
3.325000000000000000e+01 2.245285724733311061e-01
3.335000000000000142e+01 2.248939257825312010e-01
3.350000000000000000e+01 2.254378531815295628e-01
3.364999999999999858e+01 2.259768509173463724e-01
3.375000000000000000e+01 2.263334403808877626e-01
3.385000000000000142e+01 2.266878388833366842e-01
3.400000000000000000e+01 2.272156296016872024e-01
3.414999999999999858e+01 2.277392361491589190e-01
3.425000000000000000e+01 2.280860682589763988e-01
3.435000000000000853e+01 2.284311163336226191e-01
3.450000000000000000e+01 2.289453479024595173e-01
3.464999999999999858e+01 2.294555653927388139e-01
3.475000000000000711e+01 2.297934773277250653e-01
3.485000000000000853e+01 2.301296052280468185e-01
3.500000000000000711e+01 2.306304564080387531e-01
3.514999999999999858e+01 2.311272935105807558e-01
3.525000000000000711e+01 2.314562852732119647e-01
3.535000000000000853e+01 2.317835056787725112e-01
3.550000000000000711e+01 2.322713026196068509e-01
3.565000000000000568e+01 2.327557788592770904e-01
3.575000000000000711e+01 2.330769801720937728e-01
3.585000000000000853e+01 2.333967571824738518e-01
3.600000000000000000e+01 2.338737557321960148e-01
3.615000000000000568e+01 2.343475496018581627e-01
3.625000000000000711e+01 2.346616294032412842e-01
3.635000000000000853e+01 2.349742849025583946e-01
3.650000000000000000e+01 2.354406010883873246e-01
3.665000000000000568e+01 2.359037125949672853e-01
3.675000000000000711e+01 2.362106708867292015e-01
3.685000000000000142e+01 2.365162048767757430e-01
3.700000000000000000e+01 2.369720697281077759e-01
3.715000000000000568e+01 2.374253108925812872e-01
3.725000000000000711e+01 2.377260794722597659e-01
3.735000000000000142e+01 2.380257380312003901e-01
3.750000000000000000e+01 2.384731474356525383e-01
3.765000000000000568e+01 2.389180592937531766e-01
3.775000000000000000e+01 2.392132777702899726e-01
3.785000000000000142e+01 2.395073862263598086e-01
3.800000000000000000e+01 2.399464704023739625e-01
3.814999999999999858e+01 2.403830570326296601e-01
3.825000000000000000e+01 2.406727254073502409e-01
3.835000000000000142e+01 2.409612837618604897e-01
3.845000000000000995e+01 2.412487557255946768e-01
3.860000000000000853e+01 2.416781260311812174e-01
3.875000000000000000e+01 2.421054602508206921e-01
3.885000000000000853e+01 2.423892446515436838e-01
3.895000000000000995e+01 2.426721462501574833e-01
3.910000000000000853e+01 2.430948456986354311e-01
3.925000000000000711e+01 2.435155588425966244e-01
3.935000000000000853e+01 2.437949292331799134e-01
3.945000000000000995e+01 2.440734175705473463e-01
3.960000000000000853e+01 2.444895049836642298e-01
3.975000000000000711e+01 2.449036215161192465e-01
3.985000000000000853e+01 2.451786039400771222e-01
3.997529345100000597e+01 2.455219051775302808e-01
4.027938621954999832e+01 2.463497841845034841e-01
4.097560861954999467e+01 2.482183324304256811e-01
4.156159770200000025e+01 2.497620297204470319e-01
4.208629446954999764e+01 2.511217377352391034e-01
4.279849546954999795e+01 2.529334522727158530e-01
4.322582200200000102e+01 2.540016106361664971e-01
4.383719591955000539e+01 2.555046871134628583e-01
4.451365433709999309e+01 2.571322790437274297e-01
4.474999513709999377e+01 2.576920492628769210e-01
4.484999513709999519e+01 2.579275255261027078e-01
4.494999513709999661e+01 2.581621720957542054e-01
4.504999513710000514e+01 2.583959790296824210e-01
4.519999513710000372e+01 2.587450655071392158e-01
4.534999513709999519e+01 2.590921598989827657e-01
4.544999513710000372e+01 2.593224427625035466e-01
4.554999513710000514e+01 2.595518367201180565e-01
4.569999513710000372e+01 2.598942644129474400e-01
4.584999513710000230e+01 2.602346958728470327e-01
4.594999513710000372e+01 2.604605410111608954e-01
4.604999513710000514e+01 2.606855007635552890e-01
4.619999513710000372e+01 2.610212840295501602e-01
4.634999513710000230e+01 2.613550796873952975e-01
4.644999513710000372e+01 2.615765059634665435e-01
4.654999513709999803e+01 2.617970489320946004e-01
4.669645806954999756e+01 2.621184599372276547e-01
4.684645806955000324e+01 2.624456269566279865e-01
4.694999513709999661e+01 2.626702347988872366e-01
4.704999513709999803e+01 2.628862047929131363e-01
4.719999513710000372e+01 2.632083872009543524e-01
4.734999513710000230e+01 2.635284434484267413e-01
4.744999513709999661e+01 2.637406336825629527e-01
4.754999513709999803e+01 2.639518821450119734e-01
4.769999513710000372e+01 2.642669943097286644e-01
4.784999513709999519e+01 2.645799954994065839e-01
4.794999513709999661e+01 2.647874912241206524e-01
4.804999513709999803e+01 2.649940526724445800e-01
4.818055863710000608e+01 2.652623443177690721e-01
4.833055863709999755e+01 2.655686176255644404e-01
4.844999513709999661e+01 2.658109879820626520e-01
4.854999513709999803e+01 2.660128930744394826e-01
4.869999513709999661e+01 2.663139777091537153e-01
4.884999513709999519e+01 2.666129070383836397e-01
4.894999513709999661e+01 2.668109924687631640e-01
4.904999513710000514e+01 2.670081217184672728e-01
4.919999513709999661e+01 2.673020317101281185e-01
4.934999513709999519e+01 2.675938065732020865e-01
4.944999513709999661e+01 2.677871403180813181e-01
4.954999513710000514e+01 2.679795333311517092e-01
4.969999513710000372e+01 2.682663702483922830e-01
4.984999513709999519e+01 2.685511120377352956e-01
4.994999513710000372e+01 2.687397807877803246e-01
5.004999513710000514e+01 2.689275293679453394e-01
5.019999513710000372e+01 2.692074498234167668e-01
5.034999513709999519e+01 2.694853501316109567e-01
5.044999513710000372e+01 2.696695039601023081e-01
5.054999513710000514e+01 2.698527757324698517e-01
5.066804143710000119e+01 2.700679959637987126e-01
5.081804143709999977e+01 2.703397357424424108e-01
5.094999513710000372e+01 2.705771904658585414e-01
5.104999513710000514e+01 2.707561629541458958e-01
5.118073983710000618e+01 2.709889093908245394e-01
5.133073983710000476e+01 2.712542158212197796e-01
5.144999513710000372e+01 2.714638552582273601e-01
5.154999513710000514e+01 2.716387850814870886e-01
5.167476928709999839e+01 2.718559828898745589e-01
5.182476928710000408e+01 2.721155658057585747e-01
5.194999513710000372e+01 2.723310390504786738e-01
5.204999513709999803e+01 2.725023403323528215e-01
5.215012983710000327e+01 2.726732371902376717e-01
5.230012981710000020e+01 2.729281573051552390e-01
5.249999509709999757e+01 2.732660355751975745e-01
5.264999509710000325e+01 2.735184315485542639e-01
5.274999509709999757e+01 2.736862251369560073e-01
5.284999509709999899e+01 2.738537284867166299e-01
5.299999509709999757e+01 2.741046522461400570e-01
5.314999509709999614e+01 2.743554154462569672e-01
5.324999509709999757e+01 2.745226655265151638e-01
5.334999509709999899e+01 2.746901782228091671e-01
5.349999509709999757e+01 2.749424960720995847e-01
5.364999509709999614e+01 2.751967397368856871e-01
5.374999509709999757e+01 2.753678126270325821e-01
5.384999509710000609e+01 2.755408405603755329e-01
5.399999509709999757e+01 2.758064509521716001e-01
5.414999509709999614e+01 2.760827403541436520e-01
5.424999509710000467e+01 2.762761685051692839e-01
5.434999509710000609e+01 2.764829807033126197e-01
5.448827335710000597e+01 2.768376558190815961e-01
5.463827335709999744e+01 2.780596065016075480e-01
5.474999509709999757e+01 2.805955052415545214e-01
5.484999509709999899e+01 2.842731640715189800e-01
5.499999509710000467e+01 2.904794001528612224e-01
5.514999509710000325e+01 2.966193773450325755e-01
5.524999509709999757e+01 3.006534426611314759e-01
5.534999509709999899e+01 3.046407287346451498e-01
5.549999509709999046e+01 3.105502350049931248e-01
5.564999509709999614e+01 3.163909973101863282e-01
5.574999509709999757e+01 3.202561905519019647e-01
5.584999509709999899e+01 3.241078398151334694e-01
5.598046754954999926e+01 3.291237418218865285e-01
5.613046754954999074e+01 3.348896160117345033e-01
5.624999509709999757e+01 3.394906384386142117e-01
5.634999509709999899e+01 3.433486648084732584e-01
5.648344118709999861e+01 3.485133994769039623e-01
5.663344118710000430e+01 3.543428311186346269e-01
5.674999509709999757e+01 3.588896554571667785e-01
5.684999509709999899e+01 3.628014695869482553e-01
5.699999509710000467e+01 3.686832271884639134e-01
5.714999509709999614e+01 3.745771403514051023e-01
5.724999509709999757e+01 3.785104976154609058e-01
5.734999509709999899e+01 3.824446234739727890e-01
5.749999509709999046e+01 3.883441288154105830e-01
5.764999509709999614e+01 3.942398017635322383e-01
5.774999509709999757e+01 3.981680516820835236e-01
5.784999509709999899e+01 4.020953526158346780e-01
5.796327619955000898e+01 4.065451617035792942e-01
5.811327619955000046e+01 4.124445264168615233e-01
5.824999509709999757e+01 4.178345759900635170e-01
5.834999509710000609e+01 4.217893896498495221e-01
5.849999509709999757e+01 4.277534526724708352e-01
5.864999509709999614e+01 4.337661544396256286e-01
5.874999509710000467e+01 4.378077972917934768e-01
5.884999509710000609e+01 4.418824585336570410e-01
5.899999509710000467e+01 4.480688675725920112e-01
5.914999509709999614e+01 4.543564995322512123e-01
5.924999509710000467e+01 4.586111203888016963e-01
5.934999509710000609e+01 4.629226899305553533e-01
5.949999509709999757e+01 4.695088475445933773e-01
5.964999509710000325e+01 4.762487389146649042e-01
5.974999509710000467e+01 4.808334236466987321e-01
5.984999509710000609e+01 4.854971267853859240e-01
5.996475379955000307e+01 4.909520120347344863e-01
6.011475379954999454e+01 4.982572303657680779e-01
6.024999509710000467e+01 5.050211180984494064e-01
6.034999509710000609e+01 5.101349878056193887e-01
6.049999509709999757e+01 5.179934531895520333e-01
6.064999509710000325e+01 5.260826014916450966e-01
6.074999509710000467e+01 5.316058135098826742e-01
6.084999509710000609e+01 5.372348332856718978e-01
6.099999509710001178e+01 5.458762299197189583e-01
6.114999509710000325e+01 5.547525475208953116e-01
6.124999509810000120e+01 5.607974221341254228e-01
6.134999509910000626e+01 5.669390432401367752e-01
6.149999509909999773e+01 5.763159111322049277e-01
6.164999509910000342e+01 5.858695800865088010e-01
6.174999509910000484e+01 5.923220910227342539e-01
6.184999509910000626e+01 5.988231109226601623e-01
6.198490030055000233e+01 6.076359034509329904e-01
6.213490030074999737e+01 6.174451545587842372e-01
6.229999509930001267e+01 6.281751346260263658e-01
6.249999509909999773e+01 6.409459848890428635e-01
6.264999509910000342e+01 6.502893277836642172e-01
6.274999509910000484e+01 6.563765015495978128e-01
6.284999509910000626e+01 6.623328778032960829e-01
6.299999509910001194e+01 6.710051283435365388e-01
6.314999509910000342e+01 6.793553172218443903e-01
6.329999509809999836e+01 6.873923905578106508e-01
6.349999509710000467e+01 6.976601525757432087e-01
6.364999509710000325e+01 7.050517514331025026e-01
6.374999509709999757e+01 7.098463475927785371e-01
6.384999509709999899e+01 7.145427988078052461e-01
6.399999509710000467e+01 7.214137366473593049e-01
6.419999509710000041e+01 7.302659261361329479e-01
6.434999509709999188e+01 7.366780002252301118e-01
6.448792490210000494e+01 7.424014416376351067e-01
6.463792490210001063e+01 7.484360583421612034e-01
6.507664456209998605e+01 7.651885529755095838e-01
6.551805450210000004e+01 7.808478166230098383e-01
6.576907043954999210e+01 7.893176965091271979e-01
6.610886550200000045e+01 8.005084345747220942e-01
6.631523814954999807e+01 8.071731702356467197e-01
6.643552194710001402e+01 8.110117870960865671e-01
6.691157944710001004e+01 8.259491330651297369e-01
6.739032722710000201e+01 8.406013642657990115e-01
6.778136007954999798e+01 8.523319533151220151e-01
6.820594547954999598e+01 8.648721971385421314e-01
6.836217537955000978e+01 8.694366533574419131e-01
6.887557072455000196e+01 8.842898349983585593e-01
6.941195132710001303e+01 8.995922531024906910e-01
6.988699435454999787e+01 9.129860191706311578e-01
7.034353704454998990e+01 9.257428627538936139e-01
7.047877014209998947e+01 9.295004979067919004e-01
7.102950333709999597e+01 9.447246153793991130e-01
7.158292680710000866e+01 9.599052037450735986e-01
7.208597321955001291e+01 9.736116485307272361e-01
7.257447321955000064e+01 9.868470012206664865e-01
7.272442133709999723e+01 9.908951100893580444e-01
7.331249233709999658e+01 1.006704730806965209e+00
7.390325363709999351e+01 1.022477896425891597e+00
7.437829666954999652e+01 1.035075253266852791e+00
7.489875391954998918e+01 1.048778789303037806e+00
7.511942383710000115e+01 1.054557337712394016e+00
7.574483273709999764e+01 1.070822550342689361e+00
7.637293188709999470e+01 1.086982160002480047e+00
7.676396476955000026e+01 1.096951093307934499e+00
7.723032535199999415e+01 1.108746352823100745e+00
7.748337026954999374e+01 1.115103135764423214e+00
7.766377773710000554e+01 1.119616580818604712e+00
7.832652443709999091e+01 1.136065382276440161e+00
7.899196143710000229e+01 1.152370707387345927e+00
7.924297741955000163e+01 1.158465751874415250e+00
7.956663085200000296e+01 1.166278049784090776e+00
7.999703051955000888e+01 1.176584762678096752e+00
8.035748303709999618e+01 1.185144006137137884e+00
8.105756763710000712e+01 1.201566011055632099e+00
8.171291036955000209e+01 1.216684293553744300e+00
8.194027415200001485e+01 1.221869818225921556e+00
8.260403536955000448e+01 1.236817053534791544e+00
8.320053968710000447e+01 1.250001302892481680e+00
8.374092396954999629e+01 1.261734930881916350e+00
8.435125540200000671e+01 1.274737397376572545e+00
8.465609846955000251e+01 1.281131284419607441e+00
8.543416613710000718e+01 1.297149392207088026e+00
8.619294773709999902e+01 1.312351116639891124e+00
8.646263261954999280e+01 1.317654586383461668e+00
8.679957440200000462e+01 1.324210395610197821e+00
8.730464976954999656e+01 1.333892745368602251e+00
8.774515848709999943e+01 1.342195210097229419e+00
8.848156641955000623e+01 1.355790474774703824e+00
8.916181016954999450e+01 1.368040484197226903e+00
8.933470713710001121e+01 1.371106831516625268e+00
9.014680523709999704e+01 1.385268915710130999e+00
9.096159363710000889e+01 1.399082686141127185e+00
9.135262646955000321e+01 1.405574294428828308e+00
9.180822595200000080e+01 1.413031877242361123e+00
9.224796011955000097e+01 1.420123192233994747e+00
9.262581793710000966e+01 1.426133148519016514e+00
9.346490491954999413e+01 1.439223310617211204e+00
9.431703111955000907e+01 1.452169671530755934e+00
9.450285401954999998e+01 1.454946939186241517e+00
9.524701231954999514e+01 1.465922949122454799e+00
9.606628008710001154e+01 1.477740175972064307e+00
9.648531631954999455e+01 1.483679060048162190e+00
9.696622890199998324e+01 1.490413540634800027e+00
9.743396646955000051e+01 1.496881391155354679e+00
9.784251793709999845e+01 1.502465135756187342e+00
9.869093936955000856e+01 1.513877730470696070e+00
9.946705496955000569e+01 1.524107202085066559e+00
9.965609358710000265e+01 1.526568531294307141e+00
1.005802051870999918e+02 1.538447095931141373e+00
1.015070071370999898e+02 1.550106774571804680e+00
1.018607021695499952e+02 1.554490803100181617e+00
1.026687750195499973e+02 1.564381331496585759e+00
1.033952584871000084e+02 1.573125238274974080e+00
1.041596698195500039e+02 1.582178270231772599e+00
1.049837213695499969e+02 1.591772938726841335e+00
1.053208477371000100e+02 1.595648965103934058e+00
1.063009661371000050e+02 1.606758338706868239e+00
1.072837747871000005e+02 1.617659273975157852e+00
1.074787839695499940e+02 1.619793547392505806e+00
1.083347928195499890e+02 1.629051517240507119e+00
1.092840396870999911e+02 1.639106342800220162e+00
1.098710962195500116e+02 1.645213710144733055e+00
1.107430837195500146e+02 1.654131241482146963e+00
1.113216424371000102e+02 1.659946940925306924e+00
1.123007463195500009e+02 1.669613594837033865e+00
1.131887124695499978e+02 1.678192427590305957e+00
1.133965830371000152e+02 1.680175048632030377e+00
1.144513770870999991e+02 1.690099789508375583e+00
1.155088614370999949e+02 1.699823387160859900e+00
1.158252186195499860e+02 1.702689200768944700e+00
1.167451420195500020e+02 1.710919707556294300e+00
1.176584777370999859e+02 1.718940405665319471e+00
1.183482134195500066e+02 1.724901721251118403e+00
1.192841154695500023e+02 1.732865281639651922e+00
1.198454318870999913e+02 1.737572496997411342e+00
1.209085461195499960e+02 1.746351888285567755e+00
1.220220372195500005e+02 1.755358372691692148e+00
1.231991935870999981e+02 1.764670364426623506e+00
1.243313536371000225e+02 1.773423561757145883e+00
1.246383762695500081e+02 1.775762615303108083e+00
1.256222142695499855e+02 1.783158141448692335e+00
1.266303212870999886e+02 1.790576866459561156e+00
1.272920537195499975e+02 1.795358248177613802e+00
1.282918703695499971e+02 1.802449116116905170e+00
1.289666267870999832e+02 1.807143472633209624e+00
1.299830686195500107e+02 1.814077914969057126e+00
1.309988638695500072e+02 1.820843607589214042e+00
1.313402700870999809e+02 1.823080634558739810e+00
1.325444155870999907e+02 1.830829820539960684e+00
1.337431953695500226e+02 1.838327980788931892e+00
1.349660097195500157e+02 1.845764482234622417e+00
1.361995703370999991e+02 1.853060481532009085e+00
1.367026168195500020e+02 1.855978666425195378e+00
1.377663480195500085e+02 1.862050624171915691e+00
1.386852271870999971e+02 1.867188748315018687e+00
1.395243143695500123e+02 1.871800634090039717e+00
1.406040242195500127e+02 1.877630882305203919e+00
1.412082218870999952e+02 1.880842977354736600e+00
1.423833493695499897e+02 1.886997604254764704e+00
1.434790378695499840e+02 1.892629869159762945e+00
1.437685544370999935e+02 1.894101131504738467e+00
1.450660444870999868e+02 1.900617178268648289e+00
1.463662248370999919e+02 1.907020151591308554e+00
1.476823838371000193e+02 1.913376727407449351e+00
1.490012330871000188e+02 1.919623622746114755e+00
1.495322828695499879e+02 1.922104071829282557e+00
1.506759073195499923e+02 1.927378418226632251e+00
1.523281068195499870e+02 1.934834476344626797e+00
1.536816036695499861e+02 1.940795877664975411e+00
1.553524721695499693e+02 1.947970182735709210e+00
1.567246379195499912e+02 1.953706842753680561e+00
1.583218452871000181e+02 1.960207560483762101e+00
1.598050100695500362e+02 1.966073479671231805e+00
1.612145134695500133e+02 1.971498004189345066e+00
1.629227199695499735e+02 1.977880991766255425e+00
1.643508924695499900e+02 1.983061264016908298e+00
1.660777674695499968e+02 1.989144474997571077e+00
1.675246089695500018e+02 1.994095148628089120e+00
1.692701534695499959e+02 1.999902183562005664e+00
1.707356639695499894e+02 2.004644156991087556e+00
1.724998769695500016e+02 2.010202057777946028e+00
1.739840564695500404e+02 2.014756254291647952e+00
1.756839427371000113e+02 2.019844008157448911e+00
1.772697864695500130e+02 2.024472406755960296e+00
1.787913034695499732e+02 2.028810235390236194e+00
1.805928544695499909e+02 2.033821962812811357e+00
1.821330404695499965e+02 2.038002381510212402e+00
1.839532599695500323e+02 2.042824082861079305e+00
1.855121149695499980e+02 2.046853819515151329e+00
1.873510039695499643e+02 2.051494167068372398e+00
1.889285279695500037e+02 2.055380125131118341e+00
1.907860854695499881e+02 2.059848797795420516e+00
1.923822784695500161e+02 2.063599382403380922e+00
1.942585054695500162e+02 2.067907758214695857e+00
1.958733669695500055e+02 2.071532458395769272e+00
1.976385942370999942e+02 2.075410268250162726e+00
1.994017929695500015e+02 2.079198832767402472e+00
2.010539929695499950e+02 2.082674182666694129e+00
2.029675574695499733e+02 2.086611692907350601e+00
2.046384259695499850e+02 2.089973692164099894e+00
2.065706594695500087e+02 2.093774321234265212e+00
2.082601964695500101e+02 2.097020942486626627e+00
2.102110984695500235e+02 2.100681110233966198e+00
2.119193049695499838e+02 2.103807571639583873e+00
2.138888764695500129e+02 2.107321782156065915e+00
2.156157519695500184e+02 2.110323189471112748e+00
2.176039919695500089e+02 2.113687849306926214e+00
2.193495359695499474e+02 2.116562477582331958e+00
2.213564449695499832e+02 2.119778827977691904e+00
2.231206579695499954e+02 2.122529972025982481e+00
2.249698957371000461e+02 2.125340916399722779e+00
2.269291179695499920e+02 2.128241952685757887e+00
2.287306689695499813e+02 2.130843538814111149e+00
2.307749159695500225e+02 2.133724773612399428e+00
2.325951359695500003e+02 2.136230752558955892e+00
2.346580519695500016e+02 2.139008695842853136e+00
2.364969404695499691e+02 2.141432667811682844e+00
2.385785249695499886e+02 2.144121585456729928e+00
2.404360829695499717e+02 2.146474240864386651e+00
2.425363369695499784e+02 2.149083919260911912e+00
2.444125634695499798e+02 2.151371423838966290e+00
2.465314859695500331e+02 2.153906389769337792e+00
2.484263814695500230e+02 2.156130229228389261e+00
2.505639729695499796e+02 2.158590199417160349e+00
2.524775374695499863e+02 2.160748451096554668e+00
2.546337979695500167e+02 2.163130545076739519e+00
2.565660314695500119e+02 2.165220021988143451e+00
2.585739552370999945e+02 2.167346065991986315e+00
2.606918634695499577e+02 2.169538501062224789e+00
2.626614344695499881e+02 2.171531642900903059e+00
2.648550324695499967e+02 2.173700282323429711e+00
2.668432724695500156e+02 2.175620029744651518e+00
2.690555399695500114e+02 2.177706026262429706e+00
2.710624494695499607e+02 2.179553802379443628e+00
2.732933854695499463e+02 2.181559638858006522e+00
2.753189634695499990e+02 2.183338083425144571e+00
2.775685684695499731e+02 2.185267270595517619e+00
2.796128154695499575e+02 2.186979609778451739e+00
2.818810894695500338e+02 2.188835900522752453e+00
2.839440049695500079e+02 2.190485367543288486e+00
2.862309479695500158e+02 2.192272439893899971e+00
2.883125329695499772e+02 2.193862227807227061e+00
2.906181449695500305e+02 2.195583783034248171e+00
2.927183984695500385e+02 2.197117187235347213e+00
2.950426789695500247e+02 2.198777155208039957e+00
2.971616014695500212e+02 2.200257842938883268e+00
2.994588932371000283e+02 2.201829740621193743e+00
3.037527452371000436e+02 2.204681626429879859e+00
3.061600219695500300e+02 2.206233027588518247e+00
3.083349514695499920e+02 2.207607670179061010e+00
3.107152389695500005e+02 2.209084351368309385e+00
3.129088374695500079e+02 2.210420518985269034e+00
3.153077939695500049e+02 2.211855913302655186e+00
3.175200609695500020e+02 2.213156325777567268e+00
3.199376864695500444e+02 2.214552699575146999e+00
3.221686229695499719e+02 2.215818626797471325e+00
3.246049169695499472e+02 2.217176609550960631e+00
3.268545219695499782e+02 2.218407893671566544e+00
3.293094854695499976e+02 2.219726789518685628e+00
3.315777594695500170e+02 2.220922306666810897e+00
3.340513914695499693e+02 2.222200700611312918e+00
3.363383344695499204e+02 2.223358997742787224e+00
3.388306354695499749e+02 2.224595508313135017e+00
3.411362469695499726e+02 2.225715519917845331e+00
3.436472169695499588e+02 2.226909503426934833e+00
3.459714979695500006e+02 2.227991053881702932e+00
3.485011369695499752e+02 2.229142957802426217e+00
3.508440864695500068e+02 2.230186951940875240e+00
3.533923939695499712e+02 2.231298325723606091e+00
3.557540124695499912e+02 2.232306518084727465e+00
3.581913212370999986e+02 2.233325925608433682e+00
3.607012769695500651e+02 2.234354166680984299e+00
3.631002334695499485e+02 2.235317211982660535e+00
3.656858789695500036e+02 2.236334485268743677e+00
3.681035044695499892e+02 2.237266797879137847e+00
3.707078189695499759e+02 2.238251457225537422e+00
3.731441129695499512e+02 2.239154600181631150e+00
3.757670964695499833e+02 2.240108102236702425e+00
3.782220599695500027e+02 2.240983240728454895e+00
3.808637124695500233e+02 2.241906803012120086e+00
3.833373444695499757e+02 2.242754990903845336e+00
3.859976659695499848e+02 2.243649789020482732e+00
3.884899669695499824e+02 2.244472175951940152e+00
3.911689569695499813e+02 2.245339635276279999e+00
3.936799269695499675e+02 2.246137657112209585e+00
3.963775864695500104e+02 2.246979480371515514e+00
3.989072254695499851e+02 2.247754803061551510e+00
4.016235534695500178e+02 2.248572851453311650e+00
4.041718614695499809e+02 2.249327159231591544e+00
4.069068584695500590e+02 2.250123139405308947e+00
4.094738349695500119e+02 2.250857826630469738e+00
4.122275009695499648e+02 2.251632992685290713e+00
4.148131464695500199e+02 2.252348917836819897e+00
4.175854814695500181e+02 2.253103872438250832e+00
4.201897964695500036e+02 2.253801250739444040e+00
4.229807999695499916e+02 2.254535946313865225e+00
4.256037834695499669e+02 2.255214474141141068e+00
4.284134564695499989e+02 2.255928446376841201e+00
4.310551089695499627e+02 2.256587578628151292e+00
4.338004547370999830e+02 2.257260146148953872e+00
4.365437714695499949e+02 2.257919586167128845e+00
4.392227619695499357e+02 2.258551496977654338e+00
4.420697724695500028e+02 2.259210118511715049e+00
4.447674314695500470e+02 2.259822146620901862e+00
4.476331109695500459e+02 2.260459763335098682e+00
4.503494389695500217e+02 2.261052544919485818e+00
4.532337874695500091e+02 2.261670021674368147e+00
4.559687844695499734e+02 2.262244476969868856e+00
4.588718019695500629e+02 2.262842877088259375e+00
4.616254679695499590e+02 2.263400022384978172e+00
4.645471539695499814e+02 2.263980412593286307e+00
4.673194889695500365e+02 2.264521183157047535e+00
4.702598444695500461e+02 2.265084478692213299e+00
4.730508484695500897e+02 2.265609657130209786e+00
4.760098724695500323e+02 2.266156637547670272e+00
4.788195449695499519e+02 2.266666884953555172e+00
4.817972379695499967e+02 2.267198221345188447e+00
4.846255794695499617e+02 2.267694167641154834e+00
4.876219414695499950e+02 2.268210593644195416e+00
4.904689524695500040e+02 2.268692984476404551e+00
4.934839829695499134e+02 2.269195365849898227e+00
4.963496624695499122e+02 2.269665060448535776e+00
4.993833624695499793e+02 2.270154349429763130e+00
5.022677104695499679e+02 2.270612250421644163e+00
5.053200789695500248e+02 2.271089386712533464e+00
5.082230964695500006e+02 2.271536325119878796e+00
5.112941344695500447e+02 2.272002080439170069e+00
5.142158209695500091e+02 2.272438613795009221e+00
5.173055274695500430e+02 2.272893380709691602e+00
5.202458824695499970e+02 2.273319668297342222e+00
5.233542579695499626e+02 2.273763425227051549e+00
5.263132819695499620e+02 2.274179268245494434e+00
5.294403259695499173e+02 2.274611678584364416e+00
5.324180189695500758e+02 2.275016652571856923e+00
5.355637324695500183e+02 2.275437236546536290e+00
5.385600944695501084e+02 2.275830885964011507e+00
5.416321467371000153e+02 2.276227447461169895e+00
5.447395079695500044e+02 2.276621349801124072e+00
5.477732074695500160e+02 2.276999003552230949e+00
5.509562584695499936e+02 2.277388017204546866e+00
5.540086274695499924e+02 2.277754275324014976e+00
5.572103474695499017e+02 2.278131522490547400e+00
5.602813849695500039e+02 2.278486913450714635e+00
5.635017739695500723e+02 2.278853045617929229e+00
5.665914804695499924e+02 2.279198243165161397e+00
5.698305384695499924e+02 2.279553989103619838e+00
5.729389139695499580e+02 2.279889658835069888e+00
5.761966409695500033e+02 2.280235653498250414e+00
5.793236854695500142e+02 2.280562344877592462e+00
5.826000809695500493e+02 2.280899120484400022e+00
5.857457939695500500e+02 2.281217276229340118e+00
5.890408584695500167e+02 2.281545236531588028e+00
5.922052409695500046e+02 2.281855214082325389e+00
5.955189749695500723e+02 2.282174745719849795e+00
5.987020259695500499e+02 2.282476912141008452e+00
6.020344284695499937e+02 2.282788412783704590e+00
6.052361484695500167e+02 2.283083178700794580e+00
6.085872199695500058e+02 2.283387125383483429e+00
6.118076089695500741e+02 2.283674959035163710e+00
6.151773489695500530e+02 2.283971834575431181e+00
6.184164069695500530e+02 2.284253177623241537e+00
6.218048164695500191e+02 2.284543407555791106e+00
6.250625434695499507e+02 2.284818595923895579e+00
6.284696214695500203e+02 2.285102444525833221e+00
6.317460169695500554e+02 2.285371644495785670e+00
6.351717644695499985e+02 2.285649187793266535e+00
6.384668294695500208e+02 2.285912347703922265e+00
6.419112454695499537e+02 2.286183431111567632e+00
6.452249789695499658e+02 2.286440341502150808e+00
6.486880639695500577e+02 2.286704723945347517e+00
6.520204664695501151e+02 2.286955140042615131e+00
6.555022204695500250e+02 2.287212587698593147e+00
6.588532919695500141e+02 2.287456323604598829e+00
6.623537144695500274e+02 2.287706711505828050e+00
6.657234549695500618e+02 2.287943718706301865e+00
6.692425469695499487e+02 2.288187084926751158e+00
6.726309559695499729e+02 2.288417484469295271e+00
6.761687164695500769e+02 2.288654043949930994e+00
6.795757949695499747e+02 2.288878112396021791e+00
6.831322244695498966e+02 2.289108201571317558e+00
6.865579714695498978e+02 2.289326275440442870e+00
6.901330699695498652e+02 2.289550253676313485e+00
6.935774859695500254e+02 2.289762672074084904e+00
6.971069267371000251e+02 2.289977002141105888e+00
7.006343384695500163e+02 2.290187937373721283e+00
7.041160924695500398e+02 2.290393014598624877e+00
7.077285289695500978e+02 2.290602593123640673e+00
7.112289519695499393e+02 2.290802654421161932e+00
7.148600569695499871e+02 2.291007143344836905e+00
7.183791484695499321e+02 2.291202449887912884e+00
7.220289229695499671e+02 2.291402114713501081e+00
7.255666839695500130e+02 2.291592928617023794e+00
7.292351269695500378e+02 2.291788064254853818e+00
7.327915564695499597e+02 2.291974687280195599e+00
7.364786684695500298e+02 2.292165618688613904e+00
7.400537669695499972e+02 2.292348343060083060e+00
7.437595479695498852e+02 2.292535324694509047e+00
7.473533154695500116e+02 2.292714355584203112e+00
7.510777654695500587e+02 2.292897565303693597e+00
7.546902014695500611e+02 2.293073027131814268e+00
7.584333204695499262e+02 2.293252527365430726e+00
7.620644259695500295e+02 2.293424389257194829e+00
7.658262134695499981e+02 2.293600058591775959e+00
7.694759874695500912e+02 2.293768166302571743e+00
7.732564439695499914e+02 2.293939846148607131e+00
7.769248874695499580e+02 2.294104029165578762e+00
7.807240129695499036e+02 2.294271529967557122e+00
7.844111249695499737e+02 2.294431619552920854e+00
7.882289194695500782e+02 2.294594818393378421e+00
7.919347004695500800e+02 2.294750743299894147e+00
7.957711639695500025e+02 2.294909604894702415e+00
7.994956134695499941e+02 2.295061360949361529e+00
8.033507459695499620e+02 2.295215933927549301e+00
8.070938649695499407e+02 2.295363638041916676e+00
8.109676664695500676e+02 2.295514104485638196e+00
8.147294539695499225e+02 2.295657950960305005e+00
8.186219239695500391e+02 2.295804518409187978e+00
8.224023809695499949e+02 2.295944727132336993e+00
8.263135199695499296e+02 2.296087647402250465e+00
8.301126454695499888e+02 2.296224471442547266e+00
8.340424534695499688e+02 2.296363996903652005e+00
8.378602479695499596e+02 2.296497651158808218e+00
8.418087249695499850e+02 2.296633986839233810e+00
8.456451884695499075e+02 2.296764677304738989e+00
8.496123344695499782e+02 2.296898046922567271e+00
8.534674664695500041e+02 2.297025984206023441e+00
8.574532809695500646e+02 2.297156594339341940e+00
8.613270824695499641e+02 2.297281968355019188e+00
8.653315664695500118e+02 2.297410004965447339e+00
8.692240364695500148e+02 2.297532981090789850e+00
8.732471889695501659e+02 2.297658590974819059e+00
8.771583279695498732e+02 2.297779275786443698e+00
8.812001494695498423e+02 2.297902535995513862e+00
8.851299579695499915e+02 2.298020978005889781e+00
8.891904484695500059e+02 2.298141905976530452e+00
8.931389249695499757e+02 2.298258078236952606e+00
8.972180844695500355e+02 2.298376606417066093e+00
9.011852304695499924e+02 2.298490409043887350e+00
9.052830589695499839e+02 2.298606433884379907e+00
9.092688739695499862e+02 2.298717797810847063e+00
9.133853709695500811e+02 2.298831248140996486e+00
9.173898544695499595e+02 2.298940062045739641e+00
9.215250204695498724e+02 2.299050812188005111e+00
9.255481729695499098e+02 2.299156977095239363e+00
9.297020084695500373e+02 2.299264961592973666e+00
9.337438304695498346e+02 2.299368456661809113e+00
9.378613422370999615e+02 2.299472317435354629e+00
9.419768249695498525e+02 2.299574568149675091e+00
9.460559839695500841e+02 2.299674415814297213e+00
9.502471569695500193e+02 2.299775489652118754e+00
9.543449854695498971e+02 2.299872870039401995e+00
9.585548269695498220e+02 2.299971475248701935e+00
9.626713244695499725e+02 2.300066545730779843e+00
9.668998354695499984e+02 2.300162879500904367e+00
9.710350014695500249e+02 2.300255830195892859e+00
9.752821809695498132e+02 2.300350051364982384e+00
9.794360159695498851e+02 2.300441028025650425e+00
9.837018644695499461e+02 2.300533300701098405e+00
9.878743684695500633e+02 2.300622452844013122e+00
9.921588859695499423e+02 2.300712902458810660e+00
9.963500589695498775e+02 2.300800341528983495e+00
1.000653245469550143e+03 2.300889081291959570e+00
1.004863087469549896e+03 2.300974895273456333e+00
1.009184942969549979e+03 2.301061983067632877e+00
1.013413453469549950e+03 2.301146230508383184e+00
1.017753978969549962e+03 2.301231748402113642e+00
1.022001158969550033e+03 2.301314480351768665e+00
1.026360348969549932e+03 2.301398417101300886e+00
1.030626197469549879e+03 2.301479599423628564e+00
1.035004062469550036e+03 2.301561929564762021e+00
1.039288579969550028e+03 2.301641540152911336e+00
1.043685109969550012e+03 2.301722243359911158e+00
1.047988296469549823e+03 2.301800267311992165e+00
1.052403496469549964e+03 2.301879323043725112e+00
1.056725351969550047e+03 2.301955708162875869e+00
1.061159221969550117e+03 2.302033036299583113e+00
1.065499743969550082e+03 2.302107728713232326e+00
1.069952278969549980e+03 2.302183319921685900e+00
1.074311473969549979e+03 2.302256319202204971e+00
1.078782683969550135e+03 2.302330162684851800e+00
1.083160543969549963e+03 2.302401459173900822e+00
1.087650418969550174e+03 2.302473563788201893e+00
1.092046953969550032e+03 2.302543199217305769e+00
1.096555498969550172e+03 2.302613637482662234e+00
1.100970698969550085e+03 2.302681678509814311e+00
1.105497913969549927e+03 2.302750507140970182e+00
1.109931778969549896e+03 2.302817035190322770e+00
1.114477658969550248e+03 2.302884374527772948e+00
1.118930198969550020e+03 2.302949499543673451e+00
1.123494748969550074e+03 2.303015435506215791e+00
1.127965953969549901e+03 2.303079240816764628e+00
1.132549173969550111e+03 2.303143869897541052e+00
1.137039053969550196e+03 2.303206445580733064e+00
1.141640943969549880e+03 2.303269853734908779e+00
1.146149483969549919e+03 2.303331288699141055e+00
1.150770043969549988e+03 2.303393563306049163e+00
1.155297258969550057e+03 2.303453915584918299e+00
1.159936483969550181e+03 2.303515091825072858e+00
1.164482368969549952e+03 2.303574391994964277e+00
1.169140263969550006e+03 2.303634501423299508e+00
1.173704813969550059e+03 2.303692774803941745e+00
1.178381378969549814e+03 2.303751832182419079e+00
1.182964598969549797e+03 2.303809074882801955e+00
1.187659833969549936e+03 2.303867062966761026e+00
1.192261723969550076e+03 2.303923255793650871e+00
1.196975628969550144e+03 2.303980151620721450e+00
1.201596183969549884e+03 2.304035261871099305e+00
1.206328753969549780e+03 2.304091034531760673e+00
1.210967983969549778e+03 2.304145051415462664e+00
1.215719223969549830e+03 2.304199699704085891e+00
1.220377118969550111e+03 2.304252611446715004e+00
1.225147028969549865e+03 2.304306113756577012e+00
1.229823593969549847e+03 2.304357899001725496e+00
1.234612173969549985e+03 2.304410241847370866e+00
1.239307408969549897e+03 2.304460897853354506e+00
1.244114653969550091e+03 2.304512095128155469e+00
1.248828553969549830e+03 2.304561660907184617e+00
1.253654468969550180e+03 2.304611760789676111e+00
1.258387043969549950e+03 2.304660266352116071e+00
1.263231633969549875e+03 2.304709296362541515e+00
1.267982873969550155e+03 2.304756787351865288e+00
1.272846123969550035e+03 2.304804804250191186e+00
1.277616033969550017e+03 2.304851330065160742e+00
1.282497958969549927e+03 2.304898382634378962e+00
1.287286533969549964e+03 2.304943996826889219e+00
1.292187123969550157e+03 2.304990139747397748e+00
1.296994373969549997e+03 2.305034887687467116e+00
1.301913638969549993e+03 2.305080166587722523e+00
1.306739553969549888e+03 2.305124100056884284e+00
1.311677478969549838e+03 2.305168566468157820e+00
1.316522063969549890e+03 2.305211724424570452e+00
1.321478663969550098e+03 2.305255413620316496e+00
1.326341918969550079e+03 2.305297833596933632e+00
1.331317188969549989e+03 2.305340785301539963e+00
1.341099703969549864e+03 2.305423960373622183e+00
1.346093638969550057e+03 2.305465764981040167e+00
1.351012898969549951e+03 2.305506508778469854e+00
1.356025503969550073e+03 2.305547578798163411e+00
1.360963433969549897e+03 2.305587599174122815e+00
1.365994708969549947e+03 2.305627932474409558e+00
1.370951308969549927e+03 2.305667229673064700e+00
1.376001253969549907e+03 2.305706820017071390e+00
1.380976518969550170e+03 2.305745370375754000e+00
1.386045128969550206e+03 2.305784168056291161e+00
1.391039068969550044e+03 2.305821938279681405e+00
1.396126348969550008e+03 2.305859962951162245e+00
1.401138953969549902e+03 2.305896989064908809e+00
1.406244903969549796e+03 2.305934261620075532e+00
1.411276178969549846e+03 2.305970560851373197e+00
1.416400798969549896e+03 2.306007106547074859e+00
1.421450738969550002e+03 2.306042708926693496e+00
1.426594028969549981e+03 2.306078561537038940e+00
1.431662643969549890e+03 2.306113496672465679e+00
1.436824598969549925e+03 2.306148676807806996e+00
1.441911878969549889e+03 2.306182964531394930e+00
1.447092503969549853e+03 2.306217500268795462e+00
1.452198453969549973e+03 2.306251167837376492e+00
1.457397748969549866e+03 2.306285078711268532e+00
1.462522368969549916e+03 2.306318138502168491e+00
1.467740333969549965e+03 2.306351432625727504e+00
1.472883618969550071e+03 2.306383890293107974e+00
1.478120253969550049e+03 2.306416573047836760e+00
1.483282213969550185e+03 2.306448434612974552e+00
1.488537513969549991e+03 2.306480517778539241e+00
1.493718138969549955e+03 2.306511806855039204e+00
1.498992108969549918e+03 2.306543324615675683e+00
1.504191403969549810e+03 2.306574069544237826e+00
1.509484043969550157e+03 2.306605040209332103e+00
1.514702008969550207e+03 2.306635258335822503e+00
1.520013313969549927e+03 2.306665698100783590e+00
1.525249943969550031e+03 2.306695393110878456e+00
1.530579923969549782e+03 2.306725295672114040e+00
1.535835223969549816e+03 2.306754464414037198e+00
1.541183868969550076e+03 2.306783832467012463e+00
1.546457843969550140e+03 2.306812478577186187e+00
1.551825158969550102e+03 2.306841314936372012e+00
1.557117793969549894e+03 2.306869436945400587e+00
1.562503778969550012e+03 2.306897737081832211e+00
1.567815088969550061e+03 2.306925334006963535e+00
1.573219738969550008e+03 2.306953100679484336e+00
1.578549713969549884e+03 2.306980171806366275e+00
1.583973038969549862e+03 2.307007405455902660e+00
1.589321688969549996e+03 2.307033971287488772e+00
1.594763678969550256e+03 2.307060715178296917e+00
1.600130993969549991e+03 2.307086816854079903e+00
1.605591653969549952e+03 2.307113098490614522e+00
1.610977633969549970e+03 2.307138755975973954e+00
1.616456963969550088e+03 2.307164596400812950e+00
1.621861618969550136e+03 2.307189832837494681e+00
1.627359613969550082e+03 2.307215251117155752e+00
1.632782933969549958e+03 2.307240073830702176e+00
1.638299598969550061e+03 2.307265070196310219e+00
1.643741593969550195e+03 2.307289477459822269e+00
1.649276928969549999e+03 2.307314046085435777e+00
1.654737583969550087e+03 2.307338028794551743e+00
1.660291588969550048e+03 2.307362165102130991e+00
1.665770918969549939e+03 2.307385728390105584e+00
1.671343593969550056e+03 2.307409445465297804e+00
1.676841593969549876e+03 2.307432605605077125e+00
1.682432933969550049e+03 2.307455915123347800e+00
1.687949598969549925e+03 2.307478665404340656e+00
1.693559608969550027e+03 2.307501556612093996e+00
1.699094943969550059e+03 2.307523924043183960e+00
1.704723623969550090e+03 2.307546453655951790e+00
1.710277628969550051e+03 2.307568466859621026e+00
1.715924978969550011e+03 2.307590628753326545e+00
1.721497648969549800e+03 2.307612283346950566e+00
1.727163668969549917e+03 2.307634083239261447e+00
1.732755013969550191e+03 2.307655379129393669e+00
1.738439698969549909e+03 2.307676808913213584e+00
1.744049708969549783e+03 2.307697738477662242e+00
1.749753063969550112e+03 2.307718795968157099e+00
1.755381743969550143e+03 2.307739363920758624e+00
1.761103768969550174e+03 2.307760057896182104e+00
1.766751118969550134e+03 2.307780269645522075e+00
1.772491813969550321e+03 2.307800599808452535e+00
1.778157828969549882e+03 2.307820453755975887e+00
1.783917188969549898e+03 2.307840428275937494e+00
1.789601878969549716e+03 2.307859950515877223e+00
1.795379913969549989e+03 2.307879598611383365e+00
1.801083268969550090e+03 2.307898798732579415e+00
1.806879968969549964e+03 2.307918118050908074e+00
1.812601993969549994e+03 2.307936998223068414e+00
1.818417358969550151e+03 2.307955992372268117e+00
1.824158048969550009e+03 2.307974550966370497e+00
1.829992088969550196e+03 2.307993219797067841e+00
1.835751453969550084e+03 2.308011464463040063e+00
1.841604158969550099e+03 2.308029819329657784e+00
1.847382188969549816e+03 2.308047759513916386e+00
1.853253568969550088e+03 2.308065804768677065e+00
1.859050268969549734e+03 2.308083434735586970e+00
1.864940313969549834e+03 2.308101159776659195e+00
1.870755683969550091e+03 2.308118475774895817e+00
1.876664393969549792e+03 2.308135885267893705e+00
1.882498433969549751e+03 2.308152894626895879e+00
1.888425818969549709e+03 2.308169997511146931e+00
1.894278523969549724e+03 2.308186713297628145e+00
1.900224573969549738e+03 2.308203527664408394e+00
1.906095948969549909e+03 2.308219971345391031e+00
1.912060668969550079e+03 2.308236512432289000e+00
1.917950713969549724e+03 2.308252680547346003e+00
1.923934103969550051e+03 2.308268944791584065e+00
1.929842818969550081e+03 2.308284858819518615e+00
1.935844878969550336e+03 2.308300878617046248e+00
1.941772258969549966e+03 2.308316557808280933e+00
1.947792983969549596e+03 2.308332341415541222e+00
1.953739038969549711e+03 2.308347788961765179e+00
1.959778433969549951e+03 2.308363333836304765e+00
1.965743153969549667e+03 2.308378540234627962e+00
1.971801218969549836e+03 2.308393841819652792e+00
1.977784608969549936e+03 2.308408820379113102e+00
1.983861343969550262e+03 2.308423892638283625e+00
1.989863398969549735e+03 2.308438636889400097e+00
1.995958803969549990e+03 2.308453473663955258e+00
2.001979533969549720e+03 2.308468002625079674e+00
2.008093603969550031e+03 2.308482623131835609e+00
2.014132998969550044e+03 2.308496926309934860e+00
2.020265738969549602e+03 2.308511319210431623e+00
2.026323803969549772e+03 2.308525417561499538e+00
2.032475213969549941e+03 2.308539604949409796e+00
2.038551948969549812e+03 2.308553485517588211e+00
2.044722028969549683e+03 2.308567442320243135e+00
2.050817433969550166e+03 2.308581095009362372e+00
2.057006183969550420e+03 2.308594827387736359e+00
2.063120253969550049e+03 2.308608274056767051e+00
2.069310013737100235e+03 2.308621758627046106e+00
2.081594163737100189e+03 2.308648120781320756e+00
2.087837903969550098e+03 2.308661318618252967e+00
2.094007983969549969e+03 2.308674232394811288e+00
2.100252738969549682e+03 2.308687175598813202e+00
2.106441483969549608e+03 2.308699873455995810e+00
2.112704903969549832e+03 2.308712590342978377e+00
2.118912323969550016e+03 2.308725064405268590e+00
2.125194418969550043e+03 2.308737561925620074e+00
2.131420503969549827e+03 2.308749826532892513e+00
2.137721263969549909e+03 2.308762119498475762e+00
2.143966013969550204e+03 2.308774190979717034e+00
2.150285443969549760e+03 2.308786298460501651e+00
2.156548868969550313e+03 2.308798187751323283e+00
2.162886968969549798e+03 2.308810103127132862e+00
2.169169063969549825e+03 2.308821799082986459e+00
2.175525828969549821e+03 2.308833519807227841e+00
2.181826588969549903e+03 2.308845030055973968e+00
2.188202028969550156e+03 2.308856573967065451e+00
2.194521458969550167e+03 2.308867915276982430e+00
2.200915563969550021e+03 2.308879288658157947e+00
2.207253663969549962e+03 2.308890460405758294e+00
2.213666438969549745e+03 2.308901660671742295e+00
2.220023203969550195e+03 2.308912667252007722e+00
2.226454648969549908e+03 2.308923710655215622e+00
2.232830083969550287e+03 2.308934558280960836e+00
2.239280193969550055e+03 2.308945426773773679e+00
2.245674303969549783e+03 2.308956106294102195e+00
2.252143083969549934e+03 2.308966823585777650e+00
2.258555858969549718e+03 2.308977358121067969e+00
2.265043308969549798e+03 2.308987921581847846e+00
2.271474748969550092e+03 2.308998304642290389e+00
2.277980868969550102e+03 2.309008719794958253e+00
2.284430983969550198e+03 2.309018949591397085e+00
2.290955773969550137e+03 2.309029196206660028e+00
2.297424553969549834e+03 2.309039263551113219e+00
2.303968008969550283e+03 2.309049360757195135e+00
2.310455458969549909e+03 2.309059278161729623e+00
2.317017588969549706e+03 2.309069211824688939e+00
2.323523708969549716e+03 2.309078976118481119e+00
2.330104503969549569e+03 2.309088774709494807e+00
2.336629293969549508e+03 2.309098403199364213e+00
2.343228753969550326e+03 2.309108048085440235e+00
2.349772208969549865e+03 2.309117523459380372e+00
2.356390343969549576e+03 2.309127023037017779e+00
2.362952468969549955e+03 2.309136361677936566e+00
2.369589268969550176e+03 2.309145726374418839e+00
2.376170063969550029e+03 2.309154929069620721e+00
2.382825533969550179e+03 2.309164151398841902e+00
2.389424998969549961e+03 2.309173218538312700e+00
2.396099138969550040e+03 2.309182314722755258e+00
2.402717268969549878e+03 2.309191261595721301e+00
2.409410078969549886e+03 2.309200234650542694e+00
2.416046883969549981e+03 2.309209055489967799e+00
2.422758358969550045e+03 2.309217895884086769e+00
2.429413828969549741e+03 2.309226584259721715e+00
2.436143978969549607e+03 2.309235292593565081e+00
2.442818118969550142e+03 2.309243854722989653e+00
2.449566933969550064e+03 2.309252441022773272e+00
2.456259743969550073e+03 2.309260888602838513e+00
2.463027223969550050e+03 2.309269361799609399e+00
2.469738698969550114e+03 2.309277686894488202e+00
2.476524853969550350e+03 2.309286020103565207e+00
2.483254998969550343e+03 2.309294204722513122e+00
2.490059818969550179e+03 2.309302403278133742e+00
2.496808633969550101e+03 2.309310460661914810e+00
2.503632128969550195e+03 2.309318532943747115e+00
2.510399613969550046e+03 2.309326462070575126e+00
2.517241773969550195e+03 2.309334400775953089e+00
2.524027928969549976e+03 2.309342201986011922e+00
2.530888753969550180e+03 2.309350015746001183e+00
2.537693573969550471e+03 2.309357685635068602e+00
2.544573073969550023e+03 2.309365360371538056e+00
2.551396563969549788e+03 2.309372909436375298e+00
2.558294728969549851e+03 2.309380484102340869e+00
2.565136888969550000e+03 2.309387933853912944e+00
2.572053723969549992e+03 2.309395398363773388e+00
2.578914553969550070e+03 2.309402740064961268e+00
2.585850058969549991e+03 2.309410100712567804e+00
2.592729558969549998e+03 2.309417341430890946e+00
2.599683733969549849e+03 2.309424601163328372e+00
2.606581898969549911e+03 2.309431747529222534e+00
2.613554738969550272e+03 2.309438917344986297e+00
2.620471573969550263e+03 2.309445973521775830e+00
2.627463088969549972e+03 2.309453046447324631e+00
2.634398593969549893e+03 2.309460000798293056e+00
2.641408773969550111e+03 2.309466969042249573e+00
2.648362948969549961e+03 2.309473829509107290e+00
2.655391793969550235e+03 2.309480714818420211e+00
2.662364633969550141e+03 2.309487493038369088e+00
2.669412153969550218e+03 2.309494288891718927e+00
2.676403663969550053e+03 2.309500977171059954e+00
2.683469848969549730e+03 2.309507683171097003e+00
2.690480028969550403e+03 2.309514282243728456e+00
2.697564888969549884e+03 2.309520896818802793e+00
2.704593738969550031e+03 2.309527403652204658e+00
2.711697258969550148e+03 2.309533924274648875e+00
2.718744778969550225e+03 2.309540342621899889e+00
2.725866973969549690e+03 2.309546777814894369e+00
2.732933158969550277e+03 2.309553107142106487e+00
2.740074023969550581e+03 2.309559446812192718e+00
2.747158878969550642e+03 2.309565683995206342e+00
2.754318408969550092e+03 2.309571935262292097e+00
2.761421933969549627e+03 2.309578086446816503e+00
2.768600133969549915e+03 2.309584250888569557e+00
2.775722328969550290e+03 2.309590316735140370e+00
2.782919198969550052e+03 2.309596395972620897e+00
2.790060058969550028e+03 2.309602378478804674e+00
2.797275598969549719e+03 2.309608374076942638e+00
2.804435133969549952e+03 2.309614274798213795e+00
2.811669338969549699e+03 2.309620188874051294e+00
2.818847538969549532e+03 2.309626010192520784e+00
2.826100413969550118e+03 2.309631843180059541e+00
2.833297283969550335e+03 2.309637579125862317e+00
2.840568828969549941e+03 2.309643320863103977e+00
2.847784363969550213e+03 2.309648965785306096e+00
2.855074578969550203e+03 2.309654614196591904e+00
2.862308788969549823e+03 2.309660161355087560e+00
2.869617673969550196e+03 2.309665710784428061e+00
2.876870548969549873e+03 2.309671171220952335e+00
2.884198098969549847e+03 2.309676642538691205e+00
2.891469643969549907e+03 2.309682024112848620e+00
2.898815863969549810e+03 2.309687413872521411e+00
2.906106078969549799e+03 2.309692719525400229e+00
2.913470968969550086e+03 2.309698036777342089e+00
2.920779848969550130e+03 2.309703270350191406e+00
2.928163408969549891e+03 2.309708515426063258e+00
2.935490963969549739e+03 2.309713682013211589e+00
2.942893188969550010e+03 2.309718860924080186e+00
2.950239408969549913e+03 2.309723956931212907e+00
2.957660308969549988e+03 2.309729061093827696e+00
2.965025198969550274e+03 2.309734086503250516e+00
2.972464763969549949e+03 2.309739121997149258e+00
2.979848318969549837e+03 2.309744077038212495e+00
2.987306548969550022e+03 2.309749042244343631e+00
2.994708778969550167e+03 2.309753936057055146e+00
3.002185683969549700e+03 2.309758844445248815e+00
3.009606578969549901e+03 2.309763678223205829e+00
3.017102153969549818e+03 2.309768521070051150e+00
3.024541718969549947e+03 2.309773288001030878e+00
3.032055958969549920e+03 2.309778064943531106e+00
3.039514193969549979e+03 2.309782771998486250e+00
3.047047103969549880e+03 2.309787493167543726e+00
3.054524008969549868e+03 2.309792147604808221e+00
3.062075583969549371e+03 2.309796819604553964e+00
3.069571153969549869e+03 2.309801431745872158e+00
3.077141403969549629e+03 2.309806061312579040e+00
3.084655643969550056e+03 2.309810622591824458e+00
3.092244558969550326e+03 2.309815190964477516e+00
3.099777468969550227e+03 2.309819684922096883e+00
3.107385058969550300e+03 2.309824186018509362e+00
3.114936638969549676e+03 2.309828622864187331e+00
3.122562888969549476e+03 2.309833069445760945e+00
3.130133138969550146e+03 2.309837443758151032e+00
3.137778063969550203e+03 2.309841824101280139e+00
3.145366978969550019e+03 2.309846140980206020e+00
3.153030573969550005e+03 2.309850465472737646e+00
3.160638158969550204e+03 2.309854717948689462e+00
3.168320418969550246e+03 2.309858974824522182e+00
3.175946673969550375e+03 2.309863169960901352e+00
3.183647603969549891e+03 2.309867375170047588e+00
3.191292528969550403e+03 2.309871516863753360e+00
3.199012128969550304e+03 2.309875665056208671e+00
3.206675718969549962e+03 2.309879749358904721e+00
3.214413983969549918e+03 2.309883839915328085e+00
3.222096243969549505e+03 2.309887868171197844e+00
3.229853183969549718e+03 2.309891900371490614e+00
3.237554118969549563e+03 2.309895865854823871e+00
3.245329723969549832e+03 2.309899833664623703e+00
3.253049318969549859e+03 2.309903739854046734e+00
3.260843593969549602e+03 2.309907652920267562e+00
3.268581863969549886e+03 2.309911509134885854e+00
3.276394808969550013e+03 2.309915373770187408e+00
3.284151743969549898e+03 2.309919182430700157e+00
3.291983353969550080e+03 2.309922999832022317e+00
3.299758963969550223e+03 2.309926762589738392e+00
3.307609243969549880e+03 2.309930528934019733e+00
3.315403518969550078e+03 2.309934230201995842e+00
3.323272473969549992e+03 2.309937931974602510e+00
3.331085413969550245e+03 2.309941578158683395e+00
3.338973028969549887e+03 2.309945230802227467e+00
3.346804643969549943e+03 2.309948829482426635e+00
3.354710933969549842e+03 2.309952433629876900e+00
3.362561213969549954e+03 2.309955983128486601e+00
3.370486173969549782e+03 2.309959538445333749e+00
3.378355123969549823e+03 2.309963042476967043e+00
3.386298748969549706e+03 2.309966554225789004e+00
3.394186368969549676e+03 2.309970016679834703e+00
3.402148663969549489e+03 2.309973485643243674e+00
3.410054953969550297e+03 2.309976902283820355e+00
3.418035918969550039e+03 2.309980323624022169e+00
3.425960873969549993e+03 2.309983694454516012e+00
3.433960503969550246e+03 2.309987073849219197e+00
3.441904128969549674e+03 2.309990410486310264e+00
3.449922433969549729e+03 2.309993758394985885e+00
3.457884728969549997e+03 2.309997061521778416e+00
3.465921698969550107e+03 2.310000370890035182e+00
3.473902663969549849e+03 2.310003629313301055e+00
3.481958303969549888e+03 2.310006892327065575e+00
3.489957938969550469e+03 2.310010109797396627e+00
3.498032243969550109e+03 2.310013336448299537e+00
3.506050543969550290e+03 2.310016522061341337e+00
3.514143523969549733e+03 2.310019702196519642e+00
3.522180493969550298e+03 2.310022807966683356e+00
3.530292138969550706e+03 2.310025904201253866e+00
3.538347778969549381e+03 2.310028957370760860e+00
3.546478093969549718e+03 2.310032021999509411e+00
3.554552403969550141e+03 2.310035053024763307e+00
3.562701388969549498e+03 2.310038096927876872e+00
3.570794368969550760e+03 2.310041101993845825e+00
3.578962023969549591e+03 2.310044116636266853e+00
3.587073668969549999e+03 2.310047092651972722e+00
3.595259988969549795e+03 2.310050075818114390e+00
3.603390303969550132e+03 2.310053016277699545e+00
3.611595298969549731e+03 2.310055959411573934e+00
3.619744283969549997e+03 2.310058856497590796e+00
3.627967943969550561e+03 2.310061756533451138e+00
3.636135598969549392e+03 2.310064616044904540e+00
3.644377923969549556e+03 2.310067484202839694e+00
3.660769233969549532e+03 2.310073147609775557e+00
3.677226903737099292e+03 2.310078763479824104e+00
3.685533558969549631e+03 2.310081559827802167e+00
3.693775888969549669e+03 2.310084307802436676e+00
3.702074223969549621e+03 2.310087052471980318e+00
3.710335223969550498e+03 2.310089766776680875e+00
3.718652228969549924e+03 2.310092485231383996e+00
3.726931893969550401e+03 2.310095177799559529e+00
3.735267568969550666e+03 2.310097875084344388e+00
3.743565903969550618e+03 2.310100539193938207e+00
3.751920248969550357e+03 2.310103192671942640e+00
3.760237253969550238e+03 2.310105810983735353e+00
3.768610263969550942e+03 2.310108428476473907e+00
3.776945938969550298e+03 2.310111014189706768e+00
3.785337618969550022e+03 2.310113595416888543e+00
3.793691958969550342e+03 2.310116144896528834e+00
3.802102308969550450e+03 2.310118692582862732e+00
3.810475318969550244e+03 2.310121211278466813e+00
3.818904333969549953e+03 2.310123729976599982e+00
3.827296018969550005e+03 2.310126219258645364e+00
3.835743708969550426e+03 2.310128705483324385e+00
3.844154053969549295e+03 2.310131162437544461e+00
3.852620408969549771e+03 2.310133618753834384e+00
3.861049428969549808e+03 2.310136049273937342e+00
3.869534453969550214e+03 2.310138482827858830e+00
3.877982138969549851e+03 2.310140894256972555e+00
3.886485833969549731e+03 2.310143311190258064e+00
3.894952193969550081e+03 2.310145701379536121e+00
3.903474553969550016e+03 2.310148086165631387e+00
3.911959578969550421e+03 2.310150441785694397e+00
3.920500613969549704e+03 2.310152795880473953e+00
3.929004303969549710e+03 2.310155119017307523e+00
3.937564003969550413e+03 2.310157434046000713e+00
3.946086368969550676e+03 2.310159722620482192e+00
3.954664738969550399e+03 2.310162015939322355e+00
3.963205768969549354e+03 2.310164287618160284e+00
3.971802803969550041e+03 2.310166560426740290e+00
3.980362503969550289e+03 2.310168803573749319e+00
3.988978213969549870e+03 2.310171036595044747e+00
3.997556583969550502e+03 2.310173238699843257e+00
4.006190958969549683e+03 2.310175437148314526e+00
4.014787998969550245e+03 2.310177611284212951e+00
4.023441043969550265e+03 2.310179787972403531e+00
4.032056753969550300e+03 2.310181946333865977e+00
4.040728468969549340e+03 2.310184111243915428e+00
4.049362843969550340e+03 2.310186254570250508e+00
4.058053228969549764e+03 2.310188395052347410e+00
4.066706273969549784e+03 2.310190508458566327e+00
4.075415323969549718e+03 2.310192616777051455e+00
4.084087038969550122e+03 2.310194698409746117e+00
4.092814758969549530e+03 2.310196777046493288e+00
4.101505138969549989e+03 2.310198833436334365e+00
4.110251528969551146e+03 2.310200891877310259e+00
4.118960583969550498e+03 2.310202929025541696e+00
4.127725643969550219e+03 2.310204965790893628e+00
4.136453363969550082e+03 2.310206980717189662e+00
4.145237088969550314e+03 2.310208995092267070e+00
4.153983478969549651e+03 2.310210985695813957e+00
4.162785878969550140e+03 2.310212972895711481e+00
4.171550938969550771e+03 2.310214938460891876e+00
4.180372003969549951e+03 2.310216904927073323e+00
4.189155728969549273e+03 2.310218847843130696e+00
4.197995463969549746e+03 2.310220785373462871e+00
4.206797858969549452e+03 2.310222699883281994e+00
4.215656258969550436e+03 2.310224614080351291e+00
4.224477328969550399e+03 2.310226508096204778e+00
4.233354403969549821e+03 2.310228401589196068e+00
4.242194133969550421e+03 2.310230271439439154e+00
4.251089873969551263e+03 2.310232136310588658e+00
4.259948278969550302e+03 2.310233984031645260e+00
4.268862688969550618e+03 2.310235838834999278e+00
4.277739763969550040e+03 2.310237675832199855e+00
4.286672843969550740e+03 2.310239510399679119e+00
4.295568583969549763e+03 2.310241325060737871e+00
4.304520333969549938e+03 2.310243139763068054e+00
4.313434743969550254e+03 2.310244933713824000e+00
4.322405158969550030e+03 2.310246724704517085e+00
4.331338238969550730e+03 2.310248496071722446e+00
4.340327323969549980e+03 2.310250267766627452e+00
4.349279068969550281e+03 2.310252021053575078e+00
4.358286823969550824e+03 2.310253773897291474e+00
4.367257243969549563e+03 2.310255507883759662e+00
4.376283668969550490e+03 2.310257240899848075e+00
4.385272753969550649e+03 2.310258955434650652e+00
4.394317843969550268e+03 2.310260668434209297e+00
4.403325598969549901e+03 2.310262357578532377e+00
4.412389363969549777e+03 2.310264038034204326e+00
4.421415783969549921e+03 2.310265696547169512e+00
4.430498213969550307e+03 2.310267353334321871e+00
4.439543308969549798e+03 2.310268991943414285e+00
4.448644408969550568e+03 2.310270630986296148e+00
4.457708168969549661e+03 2.310272257727151057e+00
4.466827933969550031e+03 2.310273890414989761e+00
4.475910363969550417e+03 2.310275507563924968e+00
4.485048803969550136e+03 2.310277121631840291e+00
4.494149903969550905e+03 2.310278713550806273e+00
4.503307008969550225e+03 2.310280299152325689e+00
4.512426778969549559e+03 2.310281866727327937e+00
4.521602553969549263e+03 2.310283435494882909e+00
4.530740988969550017e+03 2.310284989714705528e+00
4.539935433969550104e+03 2.310286545167748340e+00
4.549092543969549297e+03 2.310288085099499789e+00
4.558305653969549894e+03 2.310289624546463916e+00
4.567481428969550507e+03 2.310291148053453814e+00
4.576713213969549543e+03 2.310292671230635975e+00
4.585907653969549756e+03 2.310294178586101754e+00
4.595158103969550211e+03 2.310295685595677995e+00
4.604371218969549773e+03 2.310297177739693453e+00
4.613640338969549703e+03 2.310298670139621091e+00
4.622872118969548865e+03 2.310300146551262923e+00
4.632159903969550214e+03 2.310301621803706240e+00
4.641410353969549760e+03 2.310303083034728644e+00
4.650716813969550458e+03 2.310304545334596060e+00
4.659985933969550388e+03 2.310305991293943428e+00
4.669311058969549777e+03 2.310307433502958752e+00
4.678598848969550090e+03 2.310308857259371518e+00
4.687942643969550772e+03 2.310310276861975876e+00
4.697249103969549651e+03 2.310311678195480667e+00
4.706611568969549808e+03 2.310313076096030649e+00
4.715936693969550106e+03 2.310314459013438348e+00
4.725317828969550646e+03 2.310315843068463160e+00
4.734661623969550419e+03 2.310317216523969375e+00
4.744061423969550560e+03 2.310318593477210136e+00
4.753423888969550717e+03 2.310319957479501252e+00
4.762842358969550332e+03 2.310321319994224076e+00
4.772223488969550090e+03 2.310322666623704002e+00
4.781660628969549180e+03 2.310324009534337364e+00
4.791060433969550104e+03 2.310325333800312464e+00
4.800516243969550487e+03 2.310326654188872730e+00
4.809934713969549193e+03 2.310327964474584661e+00
4.819409193969549960e+03 2.310329280860045298e+00
4.828846333969549960e+03 2.310330587658819379e+00
4.838339478969550328e+03 2.310331894526526764e+00
4.847795288969549802e+03 2.310333184605935397e+00
4.857307103969550553e+03 2.310334468523595142e+00
4.866781578969549628e+03 2.310335734744958014e+00
4.876312063969549854e+03 2.310336997585187291e+00
4.885805213969550095e+03 2.310338247238406417e+00
4.895354368969550706e+03 2.310339498140575376e+00
4.904866183969550548e+03 2.310340739938723242e+00
4.914434003969549849e+03 2.310341985822229383e+00
4.923964488969550985e+03 2.310343223039468263e+00
4.933550983969550543e+03 2.310344461795205362e+00
4.943100133969550370e+03 2.310345686440933299e+00
4.952705293969549530e+03 2.310346906832253300e+00
4.962273118969550524e+03 2.310348111144866490e+00
4.971896943969550193e+03 2.310349312167083280e+00
4.981483433969549878e+03 2.310350500365601079e+00
4.991125933969549806e+03 2.310351688535764225e+00
5.000731093969549875e+03 2.310352865537997236e+00
5.010392258969550312e+03 2.310354044187128864e+00
5.020016088969549855e+03 2.310355215577539756e+00
5.029695928969550550e+03 2.310356390085025247e+00
5.039338428969550478e+03 2.310357551056613890e+00
5.049036933969549864e+03 2.310358707510194343e+00
5.058698098969549392e+03 2.310359850007880578e+00
5.068415268969549288e+03 2.310360990993889807e+00
5.078095103969549200e+03 2.310362120512515993e+00
5.087830948969550263e+03 2.310363248181109164e+00
5.097529453969550559e+03 2.310364359142529800e+00
5.107283963969550314e+03 2.310365466236051990e+00
5.117001138969550084e+03 2.310366568363418693e+00
5.126774318969550222e+03 2.310367678226440180e+00
5.136510163969550376e+03 2.310368778594649619e+00
5.146302013969549989e+03 2.310369876840473236e+00
5.156056523969550653e+03 2.310370963495165686e+00
5.165867043969549741e+03 2.310372047927919947e+00
5.175640223969548970e+03 2.310373116374130564e+00
5.185469408969549477e+03 2.310374178618621155e+00
5.195261258969549999e+03 2.310375227683286070e+00
5.205109118969549854e+03 2.310376278046790244e+00
5.214919638969549851e+03 2.310377325527366299e+00
5.224786163969550216e+03 2.310378378606966709e+00
5.234615348969549814e+03 2.310379418171039312e+00
5.244500538969549780e+03 2.310380452421780806e+00
5.254348393969549761e+03 2.310381477683980833e+00
5.264252258969549985e+03 2.310382505034367817e+00
5.274118783969549440e+03 2.310383521291785591e+00
5.284041313969550174e+03 2.310384535677242113e+00
5.293926508969550014e+03 2.310385541341666293e+00
5.303867713969551005e+03 2.310386548063085854e+00
5.313771578969550319e+03 2.310387544392802361e+00
5.323731448969550001e+03 2.310388539184888845e+00
5.333653978969550735e+03 2.310389523961449587e+00
5.343632513969550018e+03 2.310390507826868056e+00
5.353573713969550226e+03 2.310391480509309314e+00
5.363570923969549767e+03 2.310392449693575490e+00
5.373530793969550359e+03 2.310393404622996361e+00
5.383546668969550410e+03 2.310394355401986566e+00
5.393525208969549567e+03 2.310395296735024306e+00
5.403559753969550002e+03 2.310396238576402972e+00
5.413556958969549669e+03 2.310397171165288199e+00
5.423610173969550488e+03 2.310398105013103276e+00
5.433626053969550412e+03 2.310399035754222563e+00
5.443697938969549796e+03 2.310399972084289377e+00
5.453732483969550231e+03 2.310400901515938799e+00
5.463823033969550124e+03 2.310401828584351946e+00
5.473876248969550034e+03 2.310402740523831433e+00
5.483985468969549402e+03 2.310403646646824072e+00
5.494057348969549821e+03 2.310404543596310312e+00
5.504185238969549573e+03 2.310405440933276378e+00
5.514275793969549341e+03 2.310406328521074304e+00
5.524422353969550386e+03 2.310407215772003031e+00
5.534531573969549754e+03 2.310408098279866262e+00
5.544696803969550274e+03 2.310408983988204934e+00
5.554824693969550935e+03 2.310409861329488113e+00
5.565008588969549237e+03 2.310410737176710416e+00
5.575155148969549373e+03 2.310411603999388941e+00
5.585357713969549877e+03 2.310412468787391482e+00
5.595522938969550523e+03 2.310413321614055882e+00
5.605744173969549593e+03 2.310414171643552450e+00
5.615928073969549587e+03 2.310415014847252646e+00
5.626167978969550859e+03 2.310415860446876746e+00
5.636370543969549544e+03 2.310416700583479255e+00
5.646629113969549508e+03 2.310417541965683164e+00
5.656850348969550396e+03 2.310418375419185377e+00
5.667127593969550617e+03 2.310419208236206945e+00
5.677367498969550070e+03 2.310420033360754744e+00
5.687663408969549891e+03 2.310420857976583253e+00
5.697921978969548945e+03 2.310421673721394065e+00
5.708236558969550060e+03 2.310422487417565840e+00
5.718513798969549498e+03 2.310423291192876150e+00
5.728847043969549304e+03 2.310424092585628753e+00
5.739142953969549126e+03 2.310424885184608090e+00
5.749494873969550099e+03 2.310425678977709119e+00
5.759809453969549395e+03 2.310426470835865498e+00
5.770180038969549969e+03 2.310427266965896287e+00
5.780513288969550558e+03 2.310428056059259827e+00
5.790902543969549697e+03 2.310428842176671882e+00
5.801254458969549887e+03 2.310429615855067453e+00
5.811662383969550319e+03 2.310430385110374019e+00
5.822032973969549857e+03 2.310431146278261849e+00
5.832459563969549890e+03 2.310431907911759009e+00
5.842848818969549939e+03 2.310432663904530948e+00
5.853294083969550229e+03 2.310433421249487473e+00
5.863702003969549878e+03 2.310434173041798100e+00
5.874165933969549769e+03 2.310434926476661488e+00
5.884592528969549676e+03 2.310435675683129020e+00
5.895075128969549951e+03 2.310436426200201510e+00
5.905520388969549458e+03 2.310437169026058335e+00
5.916021653969550243e+03 2.310437909493474606e+00
5.926485583969550134e+03 2.310438640230258134e+00
5.937005523969550268e+03 2.310439367097687491e+00
5.947488123969550543e+03 2.310440083157406121e+00
5.958026728969550277e+03 2.310440795432164851e+00
5.968527998969550026e+03 2.310441498819390205e+00
5.979085273969550144e+03 2.310442203403422212e+00
5.989605208969549494e+03 2.310442908162913866e+00
6.000181153969549086e+03 2.310443618273920752e+00
6.010719763969550513e+03 2.310444323088221008e+00
6.021314378969549580e+03 2.310445025017363374e+00
6.031871653969549698e+03 2.310445714370964243e+00
6.042484933969550184e+03 2.310446399946341156e+00
6.053060878969549776e+03 2.310447081543508308e+00
6.063692828969550646e+03 2.310447765474567206e+00
6.074287438969549839e+03 2.310448443283790176e+00
6.084938058969549274e+03 2.310449119483991343e+00
6.095551343969550544e+03 2.310449787127643706e+00
6.100121608969549925e+03 2.310450072824290935e+00
6.107316869201999907e+03 2.310450522709707855e+00
6.116795983969549525e+03 2.310451117606198590e+00
6.125521908969550168e+03 2.310451665108281372e+00
6.136172528969550513e+03 2.310452327518655036e+00
6.146104178737099573e+03 2.310452939852406296e+00
6.153343983969550209e+03 2.310453384933721210e+00
6.159386408969549848e+03 2.310453754739992149e+00
6.171485218737100695e+03 2.310454488719615895e+00
6.186309843969549547e+03 2.310455379212025484e+00
6.198911033969549862e+03 2.310456128944621490e+00
6.223611028737100241e+03 2.310457586367053118e+00
6.243387733969550027e+03 2.310458746805799102e+00
6.269666933969549973e+03 2.310460269356461094e+00
6.307616978969550473e+03 2.310462416756799975e+00
6.345567023969550064e+03 2.310464522649223973e+00
6.400371058969549267e+03 2.310467506917040392e+00
6.455175093969549380e+03 2.310470412172659582e+00
6.534318138969550091e+03 2.310474473797845096e+00
6.613461183969549893e+03 2.310478395897771264e+00
6.727752428969549328e+03 2.310483788588903575e+00
6.842043673969550582e+03 2.310488817693034935e+00
7.007092788969550384e+03 2.310495548201504157e+00
7.172141898969549402e+03 2.310501771014316308e+00
7.410490943969548425e+03 2.310509969965851340e+00
7.648839988969550177e+03 2.310517291359087011e+00
7.993042183969549114e+03 2.310526611228967298e+00
8.337244378969549871e+03 2.310534683751502616e+00
8.834310148969550937e+03 2.310544580695924388e+00
9.331375918969550185e+03 2.310552717900934638e+00
1.004919347896954969e+04 2.310562169827026668e+00
1.076701104396954906e+04 2.310569555331960068e+00
1.180361844396954984e+04 2.310577868482855735e+00
1.284022584396955062e+04 2.310584499164082040e+00
1.433720074396955170e+04 2.310591795898026213e+00
1.583417564396955095e+04 2.310596954236380007e+00
1.799597179396955107e+04 2.310601936262335787e+00
2.015776794396954938e+04 2.310605202228749544e+00
2.327963899396955094e+04 2.310608318790066118e+00
2.640151004396954886e+04 2.310610970169058920e+00
3.090983469396954752e+04 2.310615845160506776e+00
3.541815934396954981e+04 2.310623947850244164e+00
4.192867529396955797e+04 2.310636469746487176e+00
4.843919119396954920e+04 2.310644582711587347e+00
5.784109114396954828e+04 2.310655115883670341e+00
6.724299114396954246e+04 2.310671585076022438e+00
8.082036719396954868e+04 2.310695391469950177e+00
9.439774324396959855e+04 2.310707280436968603e+00
1.140049654939696629e+05 2.310712819116903294e+00
1.336121875439696596e+05 2.310715301885670314e+00
1.619271695439696487e+05 2.310716403939520713e+00
1.902421515439696086e+05 2.310717925370807002e+00
2.311320945439695497e+05 2.310720938960897364e+00
2.720220380439695437e+05 2.310725007519824015e+00
3.310716070439695031e+05 2.310730436109009744e+00
3.901211760439695790e+05 2.310732628661206434e+00
4.753952385439695208e+05 2.310732925679156224e+00
5.606693005439696135e+05 2.310733147469508975e+00
