1.499996010000000102e-01 0.000000000000000000e+00
2.500000000000000555e-01 1.892236571362026533e-03
3.999996009999999824e-01 7.962680929941588770e-03
5.499992019999999648e-01 1.621848199732143364e-02
6.499996010000000934e-01 2.225027381144574490e-02
7.999996010000001156e-01 3.156145500173131863e-02
9.499996010000000268e-01 4.091882955023023322e-02
1.050000000000000044e+00 4.708333711063553834e-02
1.150000000000000133e+00 5.317770826695442099e-02
1.250000000000000222e+00 5.918838589624510205e-02
1.399999601000000204e+00 6.805159203211137708e-02
1.549999201999999743e+00 7.669936573148462833e-02
1.649999202000000054e+00 8.233018803332770030e-02
1.749999601000000071e+00 8.786458584456792453e-02
1.899999600999999982e+00 9.599636765841966513e-02
2.049999600999999672e+00 1.039091513752609386e-01
2.149999999999999911e+00 1.090520921452006325e-01
2.250000000000000000e+00 1.140897420347153635e-01
2.350000000000000089e+00 1.190166381248999039e-01
2.450000000000000622e+00 1.238264087036514416e-01
2.599999601000000382e+00 1.308072188277145664e-01
2.749999201999999698e+00 1.374788232830564116e-01
2.849999600999999938e+00 1.417395103447838256e-01
2.950000000000000622e+00 1.458436732784544887e-01
3.099999581000000504e+00 1.516936409683073972e-01
3.249999162000000386e+00 1.571536580127559091e-01
3.349999581000000504e+00 1.605654312042334997e-01
3.450000000000000178e+00 1.637900816014479233e-01
3.599999581000000060e+00 1.682703538817231226e-01
3.749999162000000386e+00 1.723112827717390438e-01
3.849999581000000060e+00 1.747577824965464155e-01
3.999999580999999527e+00 1.780724152490467116e-01
4.149999161999999409e+00 1.809708402686946993e-01
4.249999580999999971e+00 1.826805654442852644e-01
4.396903271000000224e+00 1.849069324626078648e-01
4.546902851999999662e+00 1.868552469156591345e-01
4.649999161999999409e+00 1.880184315565910369e-01
4.749999581000000859e+00 1.890272201657673401e-01
4.849999999999999645e+00 1.899305743868670848e-01
4.980937581000000058e+00 1.909757462557628294e-01
5.119215421999999904e+00 1.919312462721910195e-01
5.238277421999999461e+00 1.926455746194217222e-01
5.349999161999999586e+00 1.932364012250758212e-01
5.449999581000000148e+00 1.937092240833093726e-01
5.599999580999999615e+00 1.943394866707613133e-01
5.749999580999999971e+00 1.948887379682451015e-01
5.849999999999999645e+00 1.952166146206678610e-01
5.999999580999999971e+00 1.956665225125081287e-01
6.149999162000000297e+00 1.960752986503520590e-01
6.249999580999999083e+00 1.963294208527001372e-01
6.350000000000000533e+00 1.965731478510760466e-01
6.499999580999999971e+00 1.969258455888935611e-01
6.649999161999999409e+00 1.972685376473294339e-01
6.749999580999999971e+00 1.974941163957799617e-01
6.849999999999999645e+00 1.977199311266122916e-01
6.999999581000000859e+00 1.980630610639703415e-01
7.149999162000000297e+00 1.984149226219702744e-01
7.249999581000000859e+00 1.986560872076292561e-01
7.349999999999999645e+00 1.989041680945192181e-01
7.479469346000000129e+00 1.992378248962599352e-01
7.629468927000001344e+00 1.996445004564608161e-01
7.749999580999999971e+00 1.999882574092423648e-01
7.850000000000000533e+00 2.002861923922644172e-01
7.999999580999999971e+00 2.007575417653179595e-01
8.149999580999999438e+00 2.012603681976996017e-01
8.249999999999998224e+00 2.016141970926540461e-01
8.377523470999999944e+00 2.020888086747980317e-01
8.527523051999999382e+00 2.026822685914412003e-01
8.649999580999999438e+00 2.031958745536761313e-01
8.750000000000000000e+00 2.036352724169300243e-01
8.879553911000000355e+00 2.042324817724481267e-01
9.029553491999999792e+00 2.049642224253151179e-01
9.149999580999999438e+00 2.055833885477154621e-01
9.250000000000000000e+00 2.061191326163013260e-01
9.399999581000001214e+00 2.069601760497639664e-01
9.549999580999999793e+00 2.078465064785967320e-01
9.650000000000002132e+00 2.084626904613565979e-01
9.799999581000001569e+00 2.094247148465243069e-01
9.949999581000000148e+00 2.104319265069153067e-01
1.009999958099999873e+01 2.114835611483935895e-01
1.024999916199999817e+01 2.125784563827729789e-01
1.034999958100000050e+01 2.133317647062892009e-01
1.049999958099999908e+01 2.144946736516514241e-01
1.064999958099999944e+01 2.156956105284284497e-01
1.079999958099999979e+01 2.169322969515683486e-01
1.094999958100000015e+01 2.182024631510656731e-01
1.109999958099999873e+01 2.195037760560450690e-01
1.124999916199999994e+01 2.208336372952613980e-01
1.134999958099999873e+01 2.217350292420333657e-01
1.149999958100000086e+01 2.231068245776027248e-01
1.164999958100000121e+01 2.245004696580182035e-01
1.179999958150000161e+01 2.259135349901056078e-01
1.194999958149999841e+01 2.273436070471262227e-01
1.209999958150000055e+01 2.287883943834588818e-01
1.224999916300000002e+01 2.302456510448948057e-01
1.234999958150000055e+01 2.312232311680887109e-01
1.249999958149999912e+01 2.326967866964713694e-01
1.264999958149999948e+01 2.341776374746316058e-01
1.279999958159999984e+01 2.356641931059348938e-01
1.294999958160000020e+01 2.371549666150555014e-01
1.309999958150000055e+01 2.386486840598278647e-01
1.324999916299999825e+01 2.401441614454730700e-01
1.334999958150000055e+01 2.411417054980236618e-01
1.346649682749999855e+01 2.423039111727887385e-01
1.361649640899999980e+01 2.437999680766360089e-01
1.374999916300000002e+01 2.451306852165713868e-01
1.384999958150000232e+01 2.461267433113626391e-01
1.399999958100000086e+01 2.476193514489020975e-01
1.414999958100000121e+01 2.491098708207087342e-01
1.426787864599999978e+01 2.502795471097364888e-01
1.441787822699999921e+01 2.517655579034035473e-01
1.454999958099999979e+01 2.530719920069256501e-01
1.464999999999999858e+01 2.540591575759580945e-01
1.479999958099999979e+01 2.555370726746339916e-01
1.494999958100000015e+01 2.570113823821518206e-01
1.508792938599999900e+01 2.583636852006641060e-01
1.523792896700000021e+01 2.598303887925788591e-01
1.534999958099999873e+01 2.609233140651756044e-01
1.550000000000000000e+01 2.623820095305544053e-01
1.565000000000000036e+01 2.638357881716540398e-01
1.580000000000000071e+01 2.652843909837966918e-01
1.597664904599999858e+01 2.669834021572286553e-01
1.611805856700000206e+01 2.683378327720648548e-01
1.624140952100000135e+01 2.695149625196651133e-01
1.635000000000000142e+01 2.705477227288256015e-01
1.645000000000000284e+01 2.714958043833592960e-01
1.660000000000000497e+01 2.729124455696444462e-01
1.680000000000000071e+01 2.747907013731296089e-01
1.695000000000000284e+01 2.761911622941235489e-01
1.705148837600000178e+01 2.771345744860523319e-01
1.720148837599999680e+01 2.785226903405346732e-01
1.735000000000000142e+01 2.798894998096735920e-01
1.745000000000000284e+01 2.808055123916954332e-01
1.760000000000000497e+01 2.821728636187208483e-01
1.780000000000000426e+01 2.839832579243277144e-01
1.795000000000000284e+01 2.853312665973953832e-01
1.810000000000000142e+01 2.866707070555203907e-01
1.830000000000000071e+01 2.884430386123059686e-01
1.845000000000000284e+01 2.897618898636867280e-01
1.860000000000000142e+01 2.910716674740953525e-01
1.880000000000000071e+01 2.928036864708333242e-01
1.895000000000000284e+01 2.940917529915973438e-01
1.910000000000000497e+01 2.953703062824110104e-01
1.925000000000000355e+01 2.966392319844405323e-01
1.940000000000000568e+01 2.978984239831100611e-01
1.960000000000000497e+01 2.995620402424336581e-01
1.975000000000000355e+01 3.007981200505058794e-01
1.986821690600000423e+01 3.017652029925989021e-01
2.001195539200000084e+01 3.029326088161296560e-01
2.014373848600000017e+01 3.039946643785151892e-01
2.025000000000000355e+01 3.048452256746648215e-01
2.035506941855000207e+01 3.056811239888468368e-01
2.050506941855000065e+01 3.068656363472158088e-01
2.065000000000000213e+01 3.080001734040890282e-01
2.075000000000000355e+01 3.087772517559396745e-01
2.090000000000000568e+01 3.099340713520257751e-01
2.107849303100000427e+01 3.112968182173430631e-01
2.122849303100000284e+01 3.124303419508621116e-01
2.140000000000000568e+01 3.137132186752852325e-01
2.160000000000000497e+01 3.151914020299766417e-01
2.175000000000000355e+01 3.162873920675476347e-01
2.190000000000000213e+01 3.173725221668914354e-01
2.205101437100000439e+01 3.184539994275805141e-01
2.218293087199999647e+01 3.193896914984539204e-01
2.233191650099999848e+01 3.204363573607674764e-01
2.245000000000000284e+01 3.212582688182671342e-01
2.260000000000000142e+01 3.222926000515520251e-01
2.275000000000000355e+01 3.233160600466603585e-01
2.290000000000000213e+01 3.243286624847732114e-01
2.310000000000000142e+01 3.256619699893844033e-01
2.325000000000000355e+01 3.266493165861683590e-01
2.335400890100000026e+01 3.273275996407181143e-01
2.350400890099999884e+01 3.282967630590603592e-01
2.365000000000000213e+01 3.292297877971279152e-01
2.375000000000000355e+01 3.298630750877496465e-01
2.390000000000000568e+01 3.308042558713755188e-01
2.410000000000000497e+01 3.320429324520280390e-01
2.425000000000000355e+01 3.329598084324335572e-01
2.435848750100000260e+01 3.336165105352966731e-01
2.450325770200000264e+01 3.344845461338287196e-01
2.464477020100000360e+01 3.353239222627662497e-01
2.475000000000000355e+01 3.359422669773201031e-01
2.490000000000000213e+01 3.368152524568089334e-01
2.510000000000000142e+01 3.379640196711400368e-01
2.525000000000000355e+01 3.388142806344205393e-01
2.540000000000000568e+01 3.396550106151222104e-01
2.556522745100000193e+01 3.405702275173970728e-01
2.571522745100000407e+01 3.413913509304102312e-01
2.590000000000000568e+01 3.423902782248079424e-01
2.610000000000000497e+01 3.434561762383229744e-01
2.625000000000000355e+01 3.442452946943741487e-01
2.640000000000000213e+01 3.450257809031478939e-01
2.660000000000000497e+01 3.460533095390073144e-01
2.675000000000000355e+01 3.468142403436186294e-01
2.690000000000000213e+01 3.475670316267919779e-01
2.710000000000000142e+01 3.485583749563261335e-01
2.725000000000000711e+01 3.492927113546254736e-01
2.740000000000000924e+01 3.500193677776295975e-01
2.760000000000000142e+01 3.509765956157343547e-01
2.775000000000000711e+01 3.516859140900536751e-01
2.789999999999999858e+01 3.523880540088488722e-01
2.808471415100000002e+01 3.532431009350427975e-01
2.823471415100000215e+01 3.539297957304888831e-01
2.839999999999999858e+01 3.546786635510306152e-01
2.860000000000000497e+01 3.555741262488232857e-01
2.875000000000000355e+01 3.562381902809268475e-01
2.889999999999999858e+01 3.568959635781987494e-01
2.910000000000000497e+01 3.577634798515846315e-01
2.925000000000000355e+01 3.584071002685090823e-01
2.939746085100000172e+01 3.590341318856259401e-01
2.954746085099999675e+01 3.596662959822256589e-01
2.965000000000000213e+01 3.600951900529651417e-01
2.975000000000000355e+01 3.605109731339213308e-01
2.990000000000000213e+01 3.611301404889176170e-01
3.010000000000000497e+01 3.619474416303370967e-01
3.025000000000000355e+01 3.625543177879904100e-01
3.040000000000000213e+01 3.631561081511594513e-01
3.060000000000000497e+01 3.639508159520301045e-01
3.075000000000000355e+01 3.645411902209163002e-01
3.090000000000000213e+01 3.651268593237197990e-01
3.110000000000000853e+01 3.659006457851467498e-01
3.125000000000000355e+01 3.664757466334430114e-01
3.140000000000000213e+01 3.670464830608146656e-01
3.160000000000000853e+01 3.678008637375193013e-01
3.175000000000000711e+01 3.683617784318624078e-01
3.190000000000000213e+01 3.689186405466273744e-01
3.205000000000000426e+01 3.694715506219122259e-01
3.215000000000000568e+01 3.698379999022987641e-01
3.225000000000000000e+01 3.702027675056805411e-01
3.235000000000000142e+01 3.705658822079027082e-01
3.250000000000000711e+01 3.711072445817313881e-01
3.265000000000000568e+01 3.716441736422524955e-01
3.275000000000000000e+01 3.719994147556756614e-01
3.285000000000000142e+01 3.723524074121991045e-01
3.300000000000000711e+01 3.728778928273283055e-01
3.314999999999999858e+01 3.733987641668175539e-01
3.325000000000000000e+01 3.737435489153987933e-01
3.335000000000000142e+01 3.740864670821441584e-01
3.350000000000000000e+01 3.745975220311819620e-01
3.364999999999999858e+01 3.751047385622913732e-01
3.375000000000000000e+01 3.754408258440152801e-01
3.385000000000000142e+01 3.757753439900581860e-01
3.400000000000000000e+01 3.762743047610568325e-01
3.414999999999999858e+01 3.767699876227566524e-01
3.425000000000000000e+01 3.770986734889256731e-01
3.435000000000000853e+01 3.774259976502130076e-01
3.450000000000000000e+01 3.779145203240246165e-01
3.464999999999999858e+01 3.784001584242460137e-01
3.475000000000000711e+01 3.787223513530778018e-01
3.485000000000000853e+01 3.790433311189425059e-01
3.500000000000000711e+01 3.795225940740198922e-01
3.514999999999999858e+01 3.799992636209078567e-01
3.525000000000000711e+01 3.803156310845775545e-01
3.535000000000000853e+01 3.806309001635812539e-01
3.550000000000000711e+01 3.811017974649033024e-01
3.565000000000000568e+01 3.815703281045783601e-01
3.575000000000000711e+01 3.818813881095097784e-01
3.585000000000000853e+01 3.821914366501735216e-01
3.600000000000000000e+01 3.826546517642742673e-01
3.615000000000000568e+01 3.831156665778076009e-01
3.625000000000000711e+01 3.834218028770686737e-01
3.635000000000000853e+01 3.837269922575078374e-01
3.650000000000000000e+01 3.841830329676924061e-01
3.665000000000000568e+01 3.846370046112770891e-01
3.675000000000000711e+01 3.849385144983110130e-01
3.685000000000000142e+01 3.852391280436964216e-01
3.700000000000000000e+01 3.856883902953117116e-01
3.715000000000000568e+01 3.861356773717959934e-01
3.725000000000000711e+01 3.864327788058175561e-01
3.735000000000000142e+01 3.867290183567873574e-01
3.750000000000000000e+01 3.871717788586727660e-01
3.765000000000000568e+01 3.876126310076595805e-01
3.775000000000000000e+01 3.879054774750264056e-01
3.785000000000000142e+01 3.881974879055513084e-01
3.800000000000000000e+01 3.886339490891134729e-01
3.814999999999999858e+01 3.890685508734720854e-01
3.825000000000000000e+01 3.893572545214577518e-01
3.835000000000000142e+01 3.896451373185671474e-01
3.845000000000000995e+01 3.899322001022665352e-01
3.860000000000000853e+01 3.903612599802471217e-01
3.875000000000000000e+01 3.907884762236993326e-01
3.885000000000000853e+01 3.910722610121574183e-01
3.895000000000000995e+01 3.913552255479729736e-01
3.910000000000000853e+01 3.917781343112854975e-01
3.925000000000000711e+01 3.921991920421089572e-01
3.935000000000000853e+01 3.924788654766369622e-01
3.945000000000000995e+01 3.927577132293336715e-01
3.960000000000000853e+01 3.931744399332692264e-01
3.975000000000000711e+01 3.935893097529045703e-01
3.985000000000000853e+01 3.938648531210567350e-01
3.997529345100000597e+01 3.942089135363032737e-01
4.027938621954999832e+01 3.950383442211881646e-01
4.097560861954999467e+01 3.969068276233406745e-01
4.156159770200000025e+01 3.984459538646018539e-01
4.208629446954999764e+01 3.997969622835546577e-01
4.279849546954999795e+01 4.015880551680022226e-01
4.322582200200000102e+01 4.026387910075931442e-01
4.383719591955000539e+01 4.041102569277005285e-01
4.451365433709999309e+01 4.056937569142694544e-01
4.474999513709999377e+01 4.062358714656329473e-01
4.484999513709999519e+01 4.064635246133549429e-01
4.494999513709999661e+01 4.066901313925107564e-01
4.504999513710000514e+01 4.069156837817725636e-01
4.519999513710000372e+01 4.072520234054556876e-01
4.534999513709999519e+01 4.075859632111716868e-01
4.544999513710000372e+01 4.078072542451439686e-01
4.554999513710000514e+01 4.080274787940228465e-01
4.569999513710000372e+01 4.083558196057004430e-01
4.584999513710000230e+01 4.086817646312911889e-01
4.594999513710000372e+01 4.088977300441458129e-01
4.604999513710000514e+01 4.091126324919061585e-01
4.619999513710000372e+01 4.094329970287712284e-01
4.634999513710000230e+01 4.097509744043567048e-01
4.644999513710000372e+01 4.099616330591185354e-01
4.654999513709999803e+01 4.101712315951898113e-01
4.669645806954999756e+01 4.104762985612237514e-01
4.684645806955000324e+01 4.107863681401974776e-01
4.694999513709999661e+01 4.109989998437983405e-01
4.704999513709999803e+01 4.112032921727334922e-01
4.719999513710000372e+01 4.115077543083632827e-01
4.734999513710000230e+01 4.118098456342400016e-01
4.744999513709999661e+01 4.120099232714022897e-01
4.754999513709999803e+01 4.122089504039095353e-01
4.769999513710000372e+01 4.125055267968733008e-01
4.784999513709999519e+01 4.127997475656272064e-01
4.794999513709999661e+01 4.129945870285397502e-01
4.804999513709999803e+01 4.131883834820999635e-01
4.818055863710000608e+01 4.134398450873501552e-01
4.833055863709999755e+01 4.137265603346488296e-01
4.844999513709999661e+01 4.139531982332494420e-01
4.854999513709999803e+01 4.141418348250967552e-01
4.869999513709999661e+01 4.144229124878903159e-01
4.884999513709999519e+01 4.147017649428511588e-01
4.894999513709999661e+01 4.148864369483105663e-01
4.904999513710000514e+01 4.150701296967422294e-01
4.919999513709999661e+01 4.153438416633857266e-01
4.934999513709999519e+01 4.156153665796491481e-01
4.944999513709999661e+01 4.157951715178454521e-01
4.954999513710000514e+01 4.159740126478801980e-01
4.969999513710000372e+01 4.162404784675574621e-01
4.984999513709999519e+01 4.165047972375433005e-01
4.994999513710000372e+01 4.166798217991412034e-01
5.004999513710000514e+01 4.168539031145063189e-01
5.019999513710000372e+01 4.171132939231614323e-01
5.034999513709999519e+01 4.173706521414627391e-01
5.044999513710000372e+01 4.175411233185621906e-01
5.054999513710000514e+01 4.177107483794258447e-01
5.066804143710000119e+01 4.179099188640245099e-01
5.081804143709999977e+01 4.181613576491829409e-01
5.094999513710000372e+01 4.183810400909080407e-01
5.104999513710000514e+01 4.185465978430282785e-01
5.118073983710000618e+01 4.187618751697710917e-01
5.133073983710000476e+01 4.190072374083862461e-01
5.144999513710000372e+01 4.192010950297144767e-01
5.154999513710000514e+01 4.193628420921232669e-01
5.167476928709999839e+01 4.195636562557374938e-01
5.182476928710000408e+01 4.198036387897500776e-01
5.194999513710000372e+01 4.200028301942784759e-01
5.204999513709999803e+01 4.201611877931978878e-01
5.215012983710000327e+01 4.203191827683311899e-01
5.230012981710000020e+01 4.205549067611382696e-01
5.249999509709999757e+01 4.208674873357183266e-01
5.264999509710000325e+01 4.211011206392815676e-01
5.274999509709999757e+01 4.212565140481767112e-01
5.284999509709999899e+01 4.214117037689045220e-01
5.299999509709999757e+01 4.216443192507451365e-01
5.314999509709999614e+01 4.218769689118387900e-01
5.324999509709999757e+01 4.220322515649481132e-01
5.334999509709999899e+01 4.221878833845613688e-01
5.349999509709999757e+01 4.224225420869482939e-01
5.364999509709999614e+01 4.226593213433782470e-01
5.374999509709999757e+01 4.228188595587067389e-01
5.384999509710000609e+01 4.229804397127311932e-01
5.399999509709999757e+01 4.232290440964843192e-01
5.414999509709999614e+01 4.234885327829335244e-01
5.424999509710000467e+01 4.236708818602002991e-01
5.434999509710000609e+01 4.238667189684008907e-01
5.448827335710000597e+01 4.242063912190797148e-01
5.463827335709999744e+01 4.254122947791327825e-01
5.474999509709999757e+01 4.279363953703852474e-01
5.484999509709999899e+01 4.316036053292376939e-01
5.499999509710000467e+01 4.377943653092924436e-01
5.514999509710000325e+01 4.439191031986385316e-01
5.524999509709999757e+01 4.479431406186695774e-01
5.534999509709999899e+01 4.519205040398735496e-01
5.549999509709999046e+01 4.578153235393991327e-01
5.564999509709999614e+01 4.636416358722200148e-01
5.574999509709999757e+01 4.674973269344508409e-01
5.584999509709999899e+01 4.713395756453214736e-01
5.598046754954999926e+01 4.763433577428795584e-01
5.613046754954999074e+01 4.820955085827163256e-01
5.624999509709999757e+01 4.866857724990873435e-01
5.634999509709999899e+01 4.905349256047324413e-01
5.648344118709999861e+01 4.956880002116916817e-01
5.663344118710000430e+01 5.015045724072386690e-01
5.674999509709999757e+01 5.060415852220626620e-01
5.684999509709999899e+01 5.099451072038215793e-01
5.699999509710000467e+01 5.158146443732209985e-01
5.714999509709999614e+01 5.216965986063210048e-01
5.724999509709999757e+01 5.256221286152882310e-01
5.734999509709999899e+01 5.295485434419424653e-01
5.749999509709999046e+01 5.354367000277288069e-01
5.764999509709999614e+01 5.413212857224625196e-01
5.774999509709999757e+01 5.452422857730877537e-01
5.784999509709999899e+01 5.491624392768273966e-01
5.796327619955000898e+01 5.536042644350916975e-01
5.811327619955000046e+01 5.594932583437784990e-01
5.824999509709999757e+01 5.648740842950141783e-01
5.834999509710000609e+01 5.688222985267185061e-01
5.849999509709999757e+01 5.747766950322473756e-01
5.864999509709999614e+01 5.807800095881039404e-01
5.874999509710000467e+01 5.848155495558242656e-01
5.884999509710000609e+01 5.888842320491464166e-01
5.899999509710000467e+01 5.950619055924805112e-01
5.914999509709999614e+01 6.013410813623218942e-01
5.924999509710000467e+01 6.055902200139451352e-01
5.934999509710000609e+01 6.098964314866724967e-01
5.949999509709999757e+01 6.164747846265093978e-01
5.964999509710000325e+01 6.232071508281519234e-01
5.974999509710000467e+01 6.277869680456240609e-01
5.984999509710000609e+01 6.324459060662456222e-01
5.996475379955000307e+01 6.378954321021635954e-01
6.011475379954999454e+01 6.451938412734015138e-01
6.024999509710000467e+01 6.519518167576865419e-01
6.034999509710000609e+01 6.570614645285904887e-01
6.049999509709999757e+01 6.649138354257424499e-01
6.064999509710000325e+01 6.729971754914536586e-01
6.074999509710000467e+01 6.785166744630231062e-01
6.084999509710000609e+01 6.841421084145411502e-01
6.099999509710001178e+01 6.927783647318224158e-01
6.114999509710000325e+01 7.016498282666218111e-01
6.124999509810000120e+01 7.076916259451306868e-01
6.134999509910000626e+01 7.138302973388163108e-01
6.149999509909999773e+01 7.232029790840551753e-01
6.164999509910000342e+01 7.327527481419087163e-01
6.174999509910000484e+01 7.392028148350150429e-01
6.184999509910000626e+01 7.457014979644603914e-01
6.198490030055000233e+01 7.545112705765477656e-01
6.213490030074999737e+01 7.643173473193791700e-01
6.229999509930001267e+01 7.750441157631088318e-01
6.249999509909999773e+01 7.878115158659623196e-01
6.264999509910000342e+01 7.971525880358918403e-01
6.274999509910000484e+01 8.032383989087383824e-01
6.284999509910000626e+01 8.091935329488895157e-01
6.299999509910001194e+01 8.178641463337769091e-01
6.314999509910000342e+01 8.262129695856924583e-01
6.329999509809999836e+01 8.342489488252635699e-01
6.349999509710000467e+01 8.445156742830964847e-01
6.364999509710000325e+01 8.519068126122909534e-01
6.374999509709999757e+01 8.567012526742446843e-01
6.384999509709999899e+01 8.613976603871340565e-01
6.399999509710000467e+01 8.682686902078616820e-01
6.419999509710000041e+01 8.771212610912187957e-01
6.434999509709999188e+01 8.835338444137382785e-01
6.448792490210000494e+01 8.892579507714294396e-01
6.463792490210001063e+01 8.952935118485283450e-01
6.507664456209998605e+01 9.120500871812053933e-01
6.551805450210000004e+01 9.277154467655102099e-01
6.576907043954999210e+01 9.361896857188265475e-01
6.610886550200000045e+01 9.473871906029217582e-01
6.631523814954999807e+01 9.540564006580047884e-01
6.643552194710001402e+01 9.578977383535467460e-01
6.691157944710001004e+01 9.728468812590331805e-01
6.739032722710000201e+01 9.875126384909727051e-01
6.778136007954999798e+01 9.992555136379571712e-01
6.820594547954999598e+01 1.011810227985452393e+00
6.836217537955000978e+01 1.016380220321349004e+00
6.887557072455000196e+01 1.031252070902769269e+00
6.941195132710001303e+01 1.046574925899831809e+00
6.988699435454999787e+01 1.059987611974205324e+00
7.034353704454998990e+01 1.072763300157584698e+00
7.047877014209998947e+01 1.076526590185994170e+00
7.102950333709999597e+01 1.091773535225846192e+00
7.158292680710000866e+01 1.106976782219702304e+00
7.208597321955001291e+01 1.120703595289784804e+00
7.257447321955000064e+01 1.133958469611819453e+00
7.272442133709999723e+01 1.138012476214288693e+00
7.331249233709999658e+01 1.153844244035028277e+00
7.390325363709999351e+01 1.169638025070057763e+00
7.437829666954999652e+01 1.182250758697062754e+00
7.489875391954998918e+01 1.195969871950042451e+00
7.511942383710000115e+01 1.201754580064999134e+00
7.574483273709999764e+01 1.218035391063073458e+00
7.637293188709999470e+01 1.234207769974769997e+00
7.676396476955000026e+01 1.244183175571864197e+00
7.723032535199999415e+01 1.255984714098821176e+00
7.748337026954999374e+01 1.262344262528015459e+00
7.766377773710000554e+01 1.266859385767336477e+00
7.832652443709999091e+01 1.283312077643159466e+00
7.899196143710000229e+01 1.299617694025574366e+00
7.924297741955000163e+01 1.305711903524920725e+00
7.956663085200000296e+01 1.313522436856787934e+00
7.999703051955000888e+01 1.323825732998457072e+00
8.035748303709999618e+01 1.332381156162237623e+00
8.105756763710000712e+01 1.348793132328979905e+00
8.171291036955000209e+01 1.363898895386510324e+00
8.194027415200001485e+01 1.369079431099120336e+00
8.260403536955000448e+01 1.384010805921729759e+00
8.320053968710000447e+01 1.397179126286032913e+00
8.374092396954999629e+01 1.408896917825957162e+00
8.435125540200000671e+01 1.421880048988336753e+00
8.465609846955000251e+01 1.428263853605650890e+00
8.543416613710000718e+01 1.444255525309961596e+00
8.619294773709999902e+01 1.459430488869564169e+00
8.646263261954999280e+01 1.464724213413174825e+00
8.679957440200000462e+01 1.471267729711047245e+00
8.730464976954999656e+01 1.480931661700107149e+00
8.774515848709999943e+01 1.489218201382530138e+00
8.848156641955000623e+01 1.502787182862356907e+00
8.916181016954999450e+01 1.515013301236323828e+00
8.933470713710001121e+01 1.518073643818265150e+00
9.014680523709999704e+01 1.532208328709361522e+00
9.096159363710000889e+01 1.545996114790364695e+00
9.135262646955000321e+01 1.552475810151643154e+00
9.180822595200000080e+01 1.559919941158971257e+00
9.224796011955000097e+01 1.566998721961623708e+00
9.262581793710000966e+01 1.572998328287779080e+00
9.346490491954999413e+01 1.586067039136314749e+00
9.431703111955000907e+01 1.598993711685331887e+00
9.450285401954999998e+01 1.601766938906461490e+00
9.524701231954999514e+01 1.612727680494728810e+00
9.606628008710001154e+01 1.624529980749274571e+00
9.648531631954999455e+01 1.630462006876893133e+00
9.696622890199998324e+01 1.637189191277244493e+00
9.743396646955000051e+01 1.643650443443785303e+00
9.784251793709999845e+01 1.649228842753640567e+00
9.869093936955000856e+01 1.660631711967712087e+00
9.946705496955000569e+01 1.670853884731679395e+00
9.965609358710000265e+01 1.673313638047753349e+00
1.005802051870999918e+02 1.685185425409751137e+00
1.015070071370999898e+02 1.696840059381131027e+00
1.018607021695499952e+02 1.701222644889906599e+00
1.026687750195499973e+02 1.711110744646952453e+00
1.033952584871000084e+02 1.719853398749169315e+00
1.041596698195500039e+02 1.728906020762517537e+00
1.049837213695499969e+02 1.738501266260014777e+00
1.053208477371000100e+02 1.742377814737090969e+00
1.063009661371000050e+02 1.753489538218155452e+00
1.072837747871000005e+02 1.764394078839482294e+00
1.074787839695499940e+02 1.766529217155553999e+00
1.083347928195499890e+02 1.775791466680147090e+00
1.092840396870999911e+02 1.785851912867732372e+00
1.098710962195500116e+02 1.791963214222870970e+00
1.107430837195500146e+02 1.800887163481194930e+00
1.113216424371000102e+02 1.806707438572723090e+00
1.123007463195500009e+02 1.816382324689892025e+00
1.131887124695499978e+02 1.824969143431797614e+00
1.133965830371000152e+02 1.826953693766195652e+00
1.144513770870999991e+02 1.836888319456288388e+00
1.155088614370999949e+02 1.846621986905325308e+00
1.158252186195499860e+02 1.849490844149113800e+00
1.167451420195500020e+02 1.857730075741243381e+00
1.176584777370999859e+02 1.865759099854001679e+00
1.183482134195500066e+02 1.871726451138301828e+00
1.192841154695500023e+02 1.879697747145174347e+00
1.198454318870999913e+02 1.884409254273624823e+00
1.209085461195499960e+02 1.893195885361053543e+00
1.220220372195500005e+02 1.902208653301450392e+00
1.231991935870999981e+02 1.911525561741890478e+00
1.243313536371000225e+02 1.920281599424241481e+00
1.246383762695500081e+02 1.922621102416945282e+00
1.256222142695499855e+02 1.930017110027190563e+00
1.266303212870999886e+02 1.937434775222978356e+00
1.272920537195499975e+02 1.942214600300348870e+00
1.282918703695499971e+02 1.949301884593505063e+00
1.289666267870999832e+02 1.953993035751885765e+00
1.299830686195500107e+02 1.960921515206392574e+00
1.309988638695500072e+02 1.967679926548288494e+00
1.313402700870999809e+02 1.969914242247126968e+00
1.325444155870999907e+02 1.977653103048085503e+00
1.337431953695500226e+02 1.985139798445049619e+00
1.349660097195500157e+02 1.992563776610413395e+00
1.361995703370999991e+02 1.999846755567259216e+00
1.367026168195500020e+02 2.002759537042360982e+00
1.377663480195500085e+02 2.008820101079791698e+00
1.386852271870999971e+02 2.013948597903487681e+00
1.395243143695500123e+02 2.018551931697435187e+00
1.406040242195500127e+02 2.024371587885716917e+00
1.412082218870999952e+02 2.027578025779426252e+00
1.423833493695499897e+02 2.033722340154423769e+00
1.434790378695499840e+02 2.039345820008084953e+00
1.437685544370999935e+02 2.040814900640314900e+00
1.450660444870999868e+02 2.047321956730338233e+00
1.463662248370999919e+02 2.053717218631060604e+00
1.476823838371000193e+02 2.060067264878168380e+00
1.490012330871000188e+02 2.066308850291181720e+00
1.495322828695499879e+02 2.068787508898075611e+00
1.506759073195499923e+02 2.074058606445691400e+00
1.523281068195499870e+02 2.081511304943814533e+00
1.536816036695499861e+02 2.087471048671779350e+00
1.553524721695499693e+02 2.094644470445835349e+00
1.567246379195499912e+02 2.100381272045682035e+00
1.583218452871000181e+02 2.106883017711245198e+00
1.598050100695500362e+02 2.112750638369602640e+00
1.612145134695500133e+02 2.118177392964001093e+00
1.629227199695499735e+02 2.124563802678775648e+00
1.643508924695499900e+02 2.129747489532839211e+00
1.660777674695499968e+02 2.135835402526754301e+00
1.675246089695500018e+02 2.140790422187866859e+00
1.692701534695499959e+02 2.146603030122118394e+00
1.707356639695499894e+02 2.151349852210492575e+00
1.724998769695500016e+02 2.156913554126659971e+00
1.739840564695500404e+02 2.161472459599116380e+00
1.756839427371000113e+02 2.166565166739490067e+00
1.772697864695500130e+02 2.171197578941595818e+00
1.787913034695499732e+02 2.175538552334244535e+00
1.805928544695499909e+02 2.180552889879828093e+00
1.821330404695499965e+02 2.184734509960046367e+00
1.839532599695500323e+02 2.189556294528740121e+00
1.855121149695499980e+02 2.193584947783925987e+00
1.873510039695499643e+02 2.198222691921533301e+00
1.889285279695500037e+02 2.202105342992512593e+00
1.907860854695499881e+02 2.206569047427946906e+00
1.923822784695500161e+02 2.210314571775424675e+00
1.942585054695500162e+02 2.214616365029437262e+00
1.958733669695500055e+02 2.218235036841223806e+00
1.976385942370999942e+02 2.222106144900025004e+00
1.994017929695500015e+02 2.225888139544638822e+00
2.010539929695499950e+02 2.229357611553246077e+00
2.029675574695499733e+02 2.233288886337620571e+00
2.046384259695499850e+02 2.236646021882731983e+00
2.065706594695500087e+02 2.240441812251657616e+00
2.082601964695500101e+02 2.243684908444953496e+00
2.102110984695500235e+02 2.247341811898121211e+00
2.119193049695499838e+02 2.250466092693261366e+00
2.138888764695500129e+02 2.253978490038457849e+00
2.156157519695500184e+02 2.256978869826014034e+00
2.176039919695500089e+02 2.260342905406748315e+00
2.193495359695499474e+02 2.263217423573171683e+00
2.213564449695499832e+02 2.266434096294486888e+00
2.231206579695499954e+02 2.269185883802490977e+00
2.249698957371000461e+02 2.271997846370920726e+00
2.269291179695499920e+02 2.274900326767674397e+00
2.287306689695499813e+02 2.277503558880309864e+00
2.307749159695500225e+02 2.280387010433149619e+00
2.325951359695500003e+02 2.282895238923721148e+00
2.346580519695500016e+02 2.285675986025154316e+00
2.364969404695499691e+02 2.288102615357130443e+00
2.385785249695499886e+02 2.290794601771961148e+00
2.404360829695499717e+02 2.293149952800455527e+00
2.425363369695499784e+02 2.295762472486750472e+00
2.444125634695499798e+02 2.298052222306000036e+00
2.465314859695500331e+02 2.300589241107154681e+00
2.484263814695500230e+02 2.302814389057890043e+00
2.505639729695499796e+02 2.305275147085668497e+00
2.524775374695499863e+02 2.307433431297752247e+00
2.546337979695500167e+02 2.309814807091502331e+00
2.565660314695500119e+02 2.311902966935619030e+00
2.585739552370999945e+02 2.314027055652586373e+00
2.606918634695499577e+02 2.316216872032449192e+00
2.626614344695499881e+02 2.318207187283329418e+00
2.648550324695499967e+02 2.320372399372331085e+00
2.668432724695500156e+02 2.322288910775196502e+00
2.690555399695500114e+02 2.324371337932164217e+00
2.710624494695499607e+02 2.326216006802425795e+00
2.732933854695499463e+02 2.328218667314814638e+00
2.753189634695499990e+02 2.329994543161473253e+00
2.775685684695499731e+02 2.331921286913678504e+00
2.796128154695499575e+02 2.333631795201799530e+00
2.818810894695500338e+02 2.335486476592444571e+00
2.839440049695500079e+02 2.337134845006814565e+00
2.862309479695500158e+02 2.338921053596588528e+00
2.883125329695499772e+02 2.340510340525597588e+00
2.906181449695500305e+02 2.342231605312211862e+00
2.927183984695500385e+02 2.343764951164282628e+00
2.950426789695500247e+02 2.345425055427197591e+00
2.971616014695500212e+02 2.346906031998341913e+00
2.994588932371000283e+02 2.348478421249140968e+00
3.037527452371000436e+02 2.351331730928739816e+00
3.061600219695500300e+02 2.352884222956437732e+00
3.083349514695499920e+02 2.354260023287117587e+00
3.107152389695500005e+02 2.355738144545159507e+00
3.129088374695500079e+02 2.357075761521211898e+00
3.153077939695500049e+02 2.358512819409811279e+00
3.175200609695500020e+02 2.359814776137060921e+00
3.199376864695500444e+02 2.361212758254939814e+00
3.221686229695499719e+02 2.362480024737402484e+00
3.246049169695499472e+02 2.363839216634173734e+00
3.268545219695499782e+02 2.365071321968963414e+00
3.293094854695499976e+02 2.366390724925066635e+00
3.315777594695500170e+02 2.367586319353891078e+00
3.340513914695499693e+02 2.368864360356730536e+00
3.363383344695499204e+02 2.370021936652119798e+00
3.388306354695499749e+02 2.371257283926875292e+00
3.411362469695499726e+02 2.372375920136152505e+00
3.436472169695499588e+02 2.373568175246035139e+00
3.459714979695500006e+02 2.374647988559472900e+00
3.485011369695499752e+02 2.375797954863850148e+00
3.508440864695500068e+02 2.376840189882274856e+00
3.533923939695499712e+02 2.377949765695842821e+00
3.557540124695499912e+02 2.378956459293954051e+00
3.581913212370999986e+02 2.379974518818938289e+00
3.607012769695500651e+02 2.381001613167248010e+00
3.631002334695499485e+02 2.381963783511666488e+00
3.656858789695500036e+02 2.382980345740883799e+00
3.681035044695499892e+02 2.383912186209975470e+00
3.707078189695499759e+02 2.384896512026221771e+00
3.731441129695499512e+02 2.385799481819393275e+00
3.757670964695499833e+02 2.386752915310598855e+00
3.782220599695500027e+02 2.387628085064191996e+00
3.808637124695500233e+02 2.388551768534543207e+00
3.833373444695499757e+02 2.389400149725541045e+00
3.859976659695499848e+02 2.390295244194152513e+00
3.884899669695499824e+02 2.391117997219864399e+00
3.911689569695499813e+02 2.391985954564214367e+00
3.936799269695499675e+02 2.392784543436918820e+00
3.963775864695500104e+02 2.393627080456919298e+00
3.989072254695499851e+02 2.394403159947281257e+00
4.016235534695500178e+02 2.395222090090226352e+00
4.041718614695499809e+02 2.395977262396706386e+00
4.069068584695500590e+02 2.396774162564446087e+00
4.094738349695500119e+02 2.397509664427906362e+00
4.122275009695499648e+02 2.398285595924039448e+00
4.148131464695500199e+02 2.399002094523317474e+00
4.175854814695500181e+02 2.399757466746697876e+00
4.201897964695500036e+02 2.400455021643120634e+00
4.229807999695499916e+02 2.401189663001859209e+00
4.256037834695499669e+02 2.401867903762043621e+00
4.284134564695499989e+02 2.402581340924597519e+00
4.310551089695499627e+02 2.403239777816940759e+00
4.338004547370999830e+02 2.403911474032910167e+00
4.365437714695499949e+02 2.404569938822907371e+00
4.392227619695499357e+02 2.405200847588668811e+00
4.420697724695500028e+02 2.405858409769594974e+00
4.447674314695500470e+02 2.406469477608518037e+00
4.476331109695500459e+02 2.407106166448405915e+00
4.503494389695500217e+02 2.407698175343675917e+00
4.532337874695500091e+02 2.408314965888433967e+00
4.559687844695499734e+02 2.408888898812860724e+00
4.588718019695500629e+02 2.409486877706066288e+00
4.616254679695499590e+02 2.410043738124597379e+00
4.645471539695499814e+02 2.410623930138585003e+00
4.673194889695500365e+02 2.411164595711446701e+00
4.702598444695500461e+02 2.411727848605867308e+00
4.730508484695500897e+02 2.412253040757061928e+00
4.760098724695500323e+02 2.412800083370446824e+00
4.788195449695499519e+02 2.413310432989021148e+00
4.817972379695499967e+02 2.413841926129304039e+00
4.846255794695499617e+02 2.414338070621816268e+00
4.876219414695499950e+02 2.414854763790339920e+00
4.904689524695500040e+02 2.415337465189222321e+00
4.934839829695499134e+02 2.415840235671578462e+00
4.963496624695499122e+02 2.416310353121742693e+00
4.993833624695499793e+02 2.416800133221139291e+00
5.022677104695499679e+02 2.417258527732385254e+00
5.053200789695500248e+02 2.417736188277437748e+00
5.082230964695500006e+02 2.418183603558326400e+00
5.112941344695500447e+02 2.418649809325544631e+00
5.142158209695500091e+02 2.419086694297599038e+00
5.173055274695500430e+02 2.419541726666982306e+00
5.202458824695499970e+02 2.419968146576620960e+00
5.233542579695499626e+02 2.420411908134496137e+00
5.263132819695499620e+02 2.420827621684102038e+00
5.294403259695499173e+02 2.421259763920271535e+00
5.324180189695500758e+02 2.421664367455501399e+00
5.355637324695500183e+02 2.422084466376093204e+00
5.385600944695501084e+02 2.422477588866291498e+00
5.416321467371000153e+02 2.422873575590681394e+00
5.447395079695500044e+02 2.423266892063253408e+00
5.477732074695500160e+02 2.423643993280942599e+00
5.509562584695499936e+02 2.424032474847670038e+00
5.540086274695499924e+02 2.424398280853929055e+00
5.572103474695499017e+02 2.424775128787983292e+00
5.602813849695500039e+02 2.425130209497106559e+00
5.635017739695500723e+02 2.425496092120900560e+00
5.665914804695499924e+02 2.425841116099734851e+00
5.698305384695499924e+02 2.426196739873320407e+00
5.729389139695499580e+02 2.426532341966820994e+00
5.761966409695500033e+02 2.426878308704325526e+00
5.793236854695500142e+02 2.427205008482424820e+00
5.826000809695500493e+02 2.427541823395173104e+00
5.857457939695500500e+02 2.427860044843974663e+00
5.890408584695500167e+02 2.428188103634562722e+00
5.922052409695500046e+02 2.428498205393470055e+00
5.955189749695500723e+02 2.428817899861179352e+00
5.987020259695500499e+02 2.429120254888559316e+00
6.020344284695499937e+02 2.429431986937882204e+00
6.052361484695500167e+02 2.429727003800692842e+00
6.085872199695500058e+02 2.430031234873762269e+00
6.118076089695500741e+02 2.430319353195464327e+00
6.151773489695500530e+02 2.430616525257426996e+00
6.184164069695500530e+02 2.430898138739241876e+00
6.218048164695500191e+02 2.431188619207274471e+00
6.250625434695499507e+02 2.431464003455219736e+00
6.284696214695500203e+02 2.431747995956150099e+00
6.317460169695500554e+02 2.432017266432223046e+00
6.351717644695499985e+02 2.432294807451524044e+00
6.384668294695500208e+02 2.432557890819106117e+00
6.419112454695499537e+02 2.432828821982431666e+00
6.452249789695499658e+02 2.433085523468314193e+00
6.486880639695500577e+02 2.433349636021813200e+00
6.520204664695501151e+02 2.433599755980406787e+00
6.555022204695500250e+02 2.433856874306602691e+00
6.588532919695500141e+02 2.434100289565527930e+00
6.623537144695500274e+02 2.434350353393622601e+00
6.657234549695500618e+02 2.434587071424341609e+00
6.692425469695499487e+02 2.434830169188916482e+00
6.726309559695499729e+02 2.435060350022978604e+00
6.761687164695500769e+02 2.435296722570786887e+00
6.795757949695499747e+02 2.435520650605629278e+00
6.831322244695498966e+02 2.435750632341729727e+00
6.865579714695498978e+02 2.435968638230903593e+00
6.901330699695498652e+02 2.436192576655233033e+00
6.935774859695500254e+02 2.436404981417999771e+00
6.971069267371000251e+02 2.436619319691625485e+00
7.006343384695500163e+02 2.436830282637903355e+00
7.041160924695500398e+02 2.437035406266685023e+00
7.077285289695500978e+02 2.437245052848524551e+00
7.112289519695499393e+02 2.437445199477523250e+00
7.148600569695499871e+02 2.437649797119360695e+00
7.183791484695499321e+02 2.437845226846887758e+00
7.220289229695499671e+02 2.438045035793181103e+00
7.255666839695500130e+02 2.438236001797422059e+00
7.292351269695500378e+02 2.438431303933529026e+00
7.327915564695499597e+02 2.438618090585573217e+00
7.364786684695500298e+02 2.438809186394600648e+00
7.400537669695499972e+02 2.438992057798903268e+00
7.437595479695498852e+02 2.439179170727656221e+00
7.473533154695500116e+02 2.439358301330671441e+00
7.510777654695500587e+02 2.439541577902508696e+00
7.546902014695500611e+02 2.439717066302329762e+00
7.584333204695499262e+02 2.439896552761819049e+00
7.620644259695500295e+02 2.440068362097295829e+00
7.658262134695499981e+02 2.440243938427253401e+00
7.694759874695500912e+02 2.440411922889451191e+00
7.732564439695499914e+02 2.440583447123132022e+00
7.769248874695499580e+02 2.440747461117123152e+00
7.807240129695499036e+02 2.440914780446380217e+00
7.844111249695499737e+02 2.441074694402331158e+00
7.882289194695500782e+02 2.441237716299170302e+00
7.919347004695500800e+02 2.441393479520181486e+00
7.957711639695500025e+02 2.441552191079699341e+00
7.994956134695499941e+02 2.441703821955394815e+00
8.033507459695499620e+02 2.441858288066464322e+00
8.070938649695499407e+02 2.442005910554922554e+00
8.109676664695500676e+02 2.442156314142110318e+00
8.147294539695499225e+02 2.442300119368213007e+00
8.186219239695500391e+02 2.442446663229570269e+00
8.224023809695499949e+02 2.442586865894081694e+00
8.263135199695499296e+02 2.442729794841455249e+00
8.301126454695499888e+02 2.442866640304088399e+00
8.340424534695499688e+02 2.443006200859906496e+00
8.378602479695499596e+02 2.443139901395493752e+00
8.418087249695499850e+02 2.443276297257807705e+00
8.456451884695499075e+02 2.443407057323649934e+00
8.496123344695499782e+02 2.443540508268710276e+00
8.534674664695500041e+02 2.443668531507688702e+00
8.574532809695500646e+02 2.443799234809883814e+00
8.613270824695499641e+02 2.443924700713184794e+00
8.653315664695500118e+02 2.444052829976186114e+00
8.692240364695500148e+02 2.444175890375700266e+00
8.732471889695501659e+02 2.444301577217007360e+00
8.771583279695498732e+02 2.444422323271538300e+00
8.812001494695498423e+02 2.444545629203399351e+00
8.851299579695499915e+02 2.444664095802367765e+00
8.891904484695500059e+02 2.444785027863206839e+00
8.931389249695499757e+02 2.444901183042398785e+00
8.972180844695500355e+02 2.445019673781021030e+00
9.011852304695499924e+02 2.445133422484146113e+00
9.052830589695499839e+02 2.445249374975451584e+00
9.092688739695499862e+02 2.445360654115890764e+00
9.133853709695500811e+02 2.445474008343742955e+00
9.173898544695499595e+02 2.445582726108368021e+00
9.215250204695498724e+02 2.445693377192232010e+00
9.255481729695499098e+02 2.445799448688142252e+00
9.297020084695500373e+02 2.445907342977580168e+00
9.337438304695498346e+02 2.446010759269627410e+00
9.378613422370999615e+02 2.446114550519150832e+00
9.419768249695498525e+02 2.446216744140305099e+00
9.460559839695500841e+02 2.446316546602125719e+00
9.502471569695500193e+02 2.446417584898918474e+00
9.543449854695498971e+02 2.446514942195820996e+00
9.585548269695498220e+02 2.446613536776963027e+00
9.626713244695499725e+02 2.446708607766634902e+00
9.668998354695499984e+02 2.446804951029529995e+00
9.710350014695500249e+02 2.446897918539403527e+00
9.752821809695498132e+02 2.446992163422316846e+00
9.794360159695498851e+02 2.447083170033852451e+00
9.837018644695499461e+02 2.447175481097680905e+00
9.878743684695500633e+02 2.447264676527014071e+00
9.921588859695499423e+02 2.447355174232905384e+00
9.963500589695498775e+02 2.447442662259968316e+00
1.000653245469550143e+03 2.447531452540633090e+00
1.004863087469549896e+03 2.447617315105484526e+00
1.009184942969549979e+03 2.447704450853561475e+00
1.013413453469549950e+03 2.447788740921263084e+00
1.017753978969549962e+03 2.447874295148669166e+00
1.022001158969550033e+03 2.447957053748988532e+00
1.026360348969549932e+03 2.448041007321368756e+00
1.030626197469549879e+03 2.448122195731086137e+00
1.035004062469550036e+03 2.448204521862175742e+00
1.039288579969550028e+03 2.448284118185548586e+00
1.043685109969550012e+03 2.448364795537529393e+00
1.047988296469549823e+03 2.448442784782005610e+00
1.052403496469549964e+03 2.448521798006468408e+00
1.056725351969550047e+03 2.448598136714710716e+00
1.061159221969550117e+03 2.448675414087144731e+00
1.065499743969550082e+03 2.448750055220831001e+00
1.069952278969549980e+03 2.448825593727440797e+00
1.074311473969549979e+03 2.448898543163077868e+00
1.078782683969550135e+03 2.448972339598233017e+00
1.083160543969549963e+03 2.449043595751835056e+00
1.087650418969550174e+03 2.449115666452139628e+00
1.092046953969550032e+03 2.449185275574423670e+00
1.096555498969550172e+03 2.449255691967812787e+00
1.100970698969550085e+03 2.449323716640158910e+00
1.105497913969549927e+03 2.449392535496547563e+00
1.109931778969549896e+03 2.449459060757691820e+00
1.114477658969550248e+03 2.449526402366979827e+00
1.118930198969550020e+03 2.449591533769943652e+00
1.123494748969550074e+03 2.449657480546013844e+00
1.127965953969549901e+03 2.449721300397401880e+00
1.132549173969550111e+03 2.449785947904486783e+00
1.137039053969550196e+03 2.449848544424734431e+00
1.141640943969549880e+03 2.449911975852429702e+00
1.146149483969549919e+03 2.449973434891108859e+00
1.150770043969549988e+03 2.450035735227544809e+00
1.155297258969550057e+03 2.450096113108502838e+00
1.159936483969550181e+03 2.450157314641630002e+00
1.164482368969549952e+03 2.450216637512209861e+00
1.169140263969550006e+03 2.450276767007766754e+00
1.173704813969550059e+03 2.450335056040759074e+00
1.178381378969549814e+03 2.450394124616571023e+00
1.182964598969549797e+03 2.450451372907831438e+00
1.187659833969549936e+03 2.450509360619435917e+00
1.192261723969550076e+03 2.450565546974640796e+00
1.196975628969550144e+03 2.450622430781501215e+00
1.201596183969549884e+03 2.450677524712752131e+00
1.206328753969549780e+03 2.450733276637271363e+00
1.210967983969549778e+03 2.450787269834562299e+00
1.215719223969549830e+03 2.450841891028435082e+00
1.220377118969550111e+03 2.450894774435177226e+00
1.225147028969549865e+03 2.450948248408682861e+00
1.229823593969549847e+03 2.451000008424040200e+00
1.234612173969549985e+03 2.451052328320227680e+00
1.239307408969549897e+03 2.451102964831334940e+00
1.244114653969550091e+03 2.451154145089894154e+00
1.248828553969549830e+03 2.451203696968390577e+00
1.253654468969550180e+03 2.451253785486665837e+00
1.258387043969549950e+03 2.451302282732510829e+00
1.263231633969549875e+03 2.451351307150730019e+00
1.267982873969550155e+03 2.451398795495602467e+00
1.272846123969550035e+03 2.451446812242116469e+00
1.277616033969550017e+03 2.451493340038231494e+00
1.282497958969549927e+03 2.451540396086897555e+00
1.287286533969549964e+03 2.451586014517218359e+00
1.292187123969550157e+03 2.451632162842823259e+00
1.296994373969549997e+03 2.451676917326117700e+00
1.301913638969549993e+03 2.451722204163074181e+00
1.306739553969549888e+03 2.451766146613666653e+00
1.311677478969549838e+03 2.451810623498690500e+00
1.316522063969549890e+03 2.451853792996968817e+00
1.321478663969550098e+03 2.451897494038026259e+00
1.326341918969550079e+03 2.451939924508844015e+00
1.331317188969549989e+03 2.451982886126530481e+00
1.341099703969549864e+03 2.452066076387810156e+00
1.346093638969550057e+03 2.452107885073223859e+00
1.351012898969549951e+03 2.452148629521884615e+00
1.356025503969550073e+03 2.452189696781867490e+00
1.360963433969549897e+03 2.452229711738393103e+00
1.365994708969549947e+03 2.452270037493487820e+00
1.370951308969549927e+03 2.452309324887406827e+00
1.376001253969549907e+03 2.452348902380582452e+00
1.380976518969550170e+03 2.452387438513598195e+00
1.386045128969550206e+03 2.452426221547610918e+00
1.391039068969550044e+03 2.452463978121647514e+00
1.396126348969550008e+03 2.452501990639998297e+00
1.401138953969549902e+03 2.452539006610942707e+00
1.406244903969549796e+03 2.452576270725521201e+00
1.411276178969549846e+03 2.452612563714632099e+00
1.416400798969549896e+03 2.452649105415143804e+00
1.421450738969550002e+03 2.452684705512563124e+00
1.426594028969549981e+03 2.452720556623034120e+00
1.431662643969549890e+03 2.452755491056445081e+00
1.436824598969549925e+03 2.452790671373249687e+00
1.441911878969549889e+03 2.452824959649423597e+00
1.447092503969549853e+03 2.452859495659474476e+00
1.452198453969549973e+03 2.452893162998551979e+00
1.457397748969549866e+03 2.452927073008812631e+00
1.462522368969549916e+03 2.452960131461999538e+00
1.467740333969549965e+03 2.452993423938465423e+00
1.472883618969550071e+03 2.453025880539972725e+00
1.478120253969550049e+03 2.453058563857053453e+00
1.483282213969550185e+03 2.453090427361226400e+00
1.488537513969549991e+03 2.453122513236599023e+00
1.493718138969549955e+03 2.453153805827063660e+00
1.498992108969549918e+03 2.453185328423360012e+00
1.504191403969549810e+03 2.453216078418719359e+00
1.509484043969550157e+03 2.453247053024799396e+00
1.514702008969550207e+03 2.453277273941263381e+00
1.520013313969549927e+03 2.453307716215210377e+00
1.525249943969550031e+03 2.453337412811472884e+00
1.530579923969549782e+03 2.453367314875738003e+00
1.535835223969549816e+03 2.453396480830013715e+00
1.541183868969550076e+03 2.453425843956126950e+00
1.546457843969550140e+03 2.453454483768717775e+00
1.551825158969550102e+03 2.453483313120120801e+00
1.557117793969549894e+03 2.453511428101683656e+00
1.562503778969550012e+03 2.453539721258106709e+00
1.567815088969550061e+03 2.453567311887035807e+00
1.573219738969550008e+03 2.453595073279597916e+00
1.578549713969549884e+03 2.453622140634057036e+00
1.583973038969549862e+03 2.453649372121096572e+00
1.589321688969549996e+03 2.453675937281581287e+00
1.594763678969550256e+03 2.453702681485541159e+00
1.600130993969549991e+03 2.453728784302074306e+00
1.605591653969549952e+03 2.453755068034850773e+00
1.610977633969549970e+03 2.453780727863217770e+00
1.616456963969550088e+03 2.453806569662812187e+00
1.621861618969550136e+03 2.453831806260010406e+00
1.627359613969550082e+03 2.453857224189909925e+00
1.632782933969549958e+03 2.453882045967771930e+00
1.638299598969550061e+03 2.453907039978036497e+00
1.643741593969550195e+03 2.453931443637513699e+00
1.649276928969549999e+03 2.453956008280216761e+00
1.654737583969550087e+03 2.453979987373961169e+00
1.660291588969550048e+03 2.454004120642546916e+00
1.665770918969549939e+03 2.454027681821889129e+00
1.671343593969550056e+03 2.454051397877707430e+00
1.676841593969549876e+03 2.454074557897066633e+00
1.682432933969550049e+03 2.454097867429674729e+00
1.687949598969549925e+03 2.454120617713925867e+00
1.693559608969550027e+03 2.454143509514670196e+00
1.699094943969550059e+03 2.454165878147899882e+00
1.704723623969550090e+03 2.454188408907531205e+00
1.710277628969550051e+03 2.454210422701593508e+00
1.715924978969550011e+03 2.454232584458645228e+00
1.721497648969549800e+03 2.454254238057993032e+00
1.727163668969549917e+03 2.454276035999962691e+00
1.732755013969550191e+03 2.454297329145888273e+00
1.738439698969549909e+03 2.454318755699672838e+00
1.744049708969549783e+03 2.454339682103089171e+00
1.749753063969550112e+03 2.454360737034616768e+00
1.755381743969550143e+03 2.454381303334526532e+00
1.761103768969550174e+03 2.454401996051538859e+00
1.766751118969550134e+03 2.454422206902084902e+00
1.772491813969550321e+03 2.454442537168502358e+00
1.778157828969549882e+03 2.454462392465641241e+00
1.783917188969549898e+03 2.454482369033092137e+00
1.789601878969549716e+03 2.454501893606003460e+00
1.795379913969549989e+03 2.454521544506131914e+00
1.801083268969550090e+03 2.454540747557737657e+00
1.806879968969549964e+03 2.454560068827686514e+00
1.812601993969549994e+03 2.454578949261081444e+00
1.818417358969550151e+03 2.454597942587551707e+00
1.824158048969550009e+03 2.454616499707246380e+00
1.829992088969550196e+03 2.454635166324684370e+00
1.835751453969550084e+03 2.454653408164300998e+00
1.841604158969550099e+03 2.454671759886565940e+00
1.847382188969549816e+03 2.454689696873294302e+00
1.853253568969550088e+03 2.454707738355163649e+00
1.859050268969549734e+03 2.454725363991661524e+00
1.864940313969549834e+03 2.454743085051931839e+00
1.870755683969550091e+03 2.454760398258866161e+00
1.876664393969549792e+03 2.454777805804728263e+00
1.882498433969549751e+03 2.454794813874970227e+00
1.888425818969549709e+03 2.454811915900134700e+00
1.894278523969549724e+03 2.454828631113564086e+00
1.900224573969549738e+03 2.454845445078619015e+00
1.906095948969549909e+03 2.454861888417142257e+00
1.912060668969550079e+03 2.454878428945183710e+00
1.917950713969549724e+03 2.454894596117201733e+00
1.923934103969550051e+03 2.454910859210720275e+00
1.929842818969550081e+03 2.454926772127175472e+00
1.935844878969550336e+03 2.454942791147728176e+00
1.941772258969549966e+03 2.454958470160613526e+00
1.947792983969549596e+03 2.454974253946534457e+00
1.953739038969549711e+03 2.454989701839423333e+00
1.959778433969549951e+03 2.455005247380230848e+00
1.965743153969549667e+03 2.455020454856571721e+00
1.971801218969549836e+03 2.455035757852086942e+00
1.977784608969549936e+03 2.455050738024645796e+00
1.983861343969550262e+03 2.455065812199820563e+00
1.989863398969549735e+03 2.455080558626955067e+00
1.995958803969549990e+03 2.455095397423777026e+00
2.001979533969549720e+03 2.455109927775055212e+00
2.008093603969550031e+03 2.455124549151380897e+00
2.014132998969550044e+03 2.455138852723043996e+00
2.020265738969549602e+03 2.455153245589200228e+00
2.026323803969549772e+03 2.455167343500465282e+00
2.032475213969549941e+03 2.455181529746459645e+00
2.038551948969549812e+03 2.455195408250766320e+00
2.044722028969549683e+03 2.455209362497024816e+00
2.050817433969550166e+03 2.455223012666028826e+00
2.057006183969550420e+03 2.455236742329867550e+00
2.063120253969550049e+03 2.455250186012276625e+00
2.069310013737100235e+03 2.455263667688120766e+00
2.081594163737100189e+03 2.455290025165299372e+00
2.087837903969550098e+03 2.455303220860089564e+00
2.094007983969549969e+03 2.455316132628628356e+00
2.100252738969549682e+03 2.455329074073352658e+00
2.106441483969549608e+03 2.455341770506577426e+00
2.112704903969549832e+03 2.455354486325050711e+00
2.118912323969550016e+03 2.455366959582927056e+00
2.125194418969550043e+03 2.455379456422380979e+00
2.131420503969549827e+03 2.455391720674354072e+00
2.137721263969549909e+03 2.455404013812283459e+00
2.143966013969550204e+03 2.455416085661046743e+00
2.150285443969549760e+03 2.455428193338414111e+00
2.156548868969550313e+03 2.455440082960521408e+00
2.162886968969549798e+03 2.455451999180156442e+00
2.169169063969549825e+03 2.455463696335818291e+00
2.175525828969549821e+03 2.455475418453053393e+00
2.181826588969549903e+03 2.455486930105541976e+00
2.188202028969550156e+03 2.455498475302485772e+00
2.194521458969550167e+03 2.455509817830139774e+00
2.200915563969550021e+03 2.455521192491778137e+00
2.207253663969549962e+03 2.455532365400725503e+00
2.213666438969549745e+03 2.455543566537083056e+00
2.220023203969550195e+03 2.455554573605271962e+00
2.226454648969549908e+03 2.455565617064016326e+00
2.232830083969550287e+03 2.455576464420675009e+00
2.239280193969550055e+03 2.455587332454733485e+00
2.245674303969549783e+03 2.455598011252069668e+00
2.252143083969549934e+03 2.455608727415484527e+00
2.258555858969549718e+03 2.455619260557971639e+00
2.265043308969549798e+03 2.455629822502430670e+00
2.271474748969550092e+03 2.455640203945478550e+00
2.277980868969550102e+03 2.455650617302192806e+00
2.284430983969550198e+03 2.455660845166024675e+00
2.290955773969550137e+03 2.455671089690143916e+00
2.297424553969549834e+03 2.455681154981028236e+00
2.303968008969550283e+03 2.455691250323793984e+00
2.310455458969549909e+03 2.455701166156807780e+00
2.317017588969549706e+03 2.455711098542683768e+00
2.323523708969549716e+03 2.455720861921005138e+00
2.330104503969549569e+03 2.455730659985468911e+00
2.336629293969549508e+03 2.455740288231581303e+00
2.343228753969550326e+03 2.455749932982310035e+00
2.349772208969549865e+03 2.455759408337307548e+00
2.356390343969549576e+03 2.455768908071609413e+00
2.362952468969549955e+03 2.455778247017290639e+00
2.369589268969550176e+03 2.455787612119489260e+00
2.376170063969550029e+03 2.455796815329181815e+00
2.382825533969550179e+03 2.455806038332425167e+00
2.389424998969549961e+03 2.455815106274701343e+00
2.396099138969550040e+03 2.455824203366883118e+00
2.402717268969549878e+03 2.455833151254097846e+00
2.409410078969549886e+03 2.455842125492897932e+00
2.416046883969549981e+03 2.455850947539918394e+00
2.422758358969550045e+03 2.455859788991991977e+00
2.429413828969549741e+03 2.455868478093953922e+00
2.436143978969549607e+03 2.455877186682688951e+00
2.442818118969550142e+03 2.455885748772655308e+00
2.449566933969550064e+03 2.455894335080956559e+00
2.456259743969550073e+03 2.455902782657822137e+00
2.463027223969550050e+03 2.455911255586213926e+00
2.469738698969550114e+03 2.455919580152571502e+00
2.476524853969550350e+03 2.455927912688480763e+00
2.483254998969550343e+03 2.455936096482811415e+00
2.490059818969550179e+03 2.455944293949859247e+00
2.496808633969550101e+03 2.455952350064637635e+00
2.503632128969550195e+03 2.455960421025020324e+00
2.510399613969550046e+03 2.455968348849236982e+00
2.517241773969550195e+03 2.455976286233352734e+00
2.524027928969549976e+03 2.455984086207297246e+00
2.530888753969550180e+03 2.455991898929215989e+00
2.537693573969550471e+03 2.455999568053319315e+00
2.544573073969550023e+03 2.456007242290802139e+00
2.551396563969549788e+03 2.456014791127727026e+00
2.558294728969549851e+03 2.456022365820069275e+00
2.565136888969550000e+03 2.456029815742243994e+00
2.572053723969549992e+03 2.456037280389194333e+00
2.578914553969550070e+03 2.456044622101940078e+00
2.585850058969549991e+03 2.456051982606064943e+00
2.592729558969549998e+03 2.456059223123934654e+00
2.599683733969549849e+03 2.456066482787284677e+00
2.606581898969549911e+03 2.456073629228997302e+00
2.613554738969550272e+03 2.456080799142581927e+00
2.620471573969550263e+03 2.456087855326738456e+00
2.627463088969549972e+03 2.456094928063626170e+00
2.634398593969549893e+03 2.456101882244254409e+00
2.641408773969550111e+03 2.456108850816529632e+00
2.648362948969549961e+03 2.456115712047970856e+00
2.655391793969550235e+03 2.456122598049881756e+00
2.662364633969550141e+03 2.456129376722688384e+00
2.669412153969550218e+03 2.456136172962108066e+00
2.676403663969550053e+03 2.456142861620936646e+00
2.683469848969549730e+03 2.456149567982161663e+00
2.690480028969550403e+03 2.456156167226316356e+00
2.697564888969549884e+03 2.456162781472193579e+00
2.704593738969550031e+03 2.456169287545510116e+00
2.711697258969550148e+03 2.456175807408024880e+00
2.718744778969550225e+03 2.456182225138090924e+00
2.725866973969549690e+03 2.456188659652767114e+00
2.732933158969550277e+03 2.456194988203679319e+00
2.740074023969550581e+03 2.456201327087130348e+00
2.747158878969550642e+03 2.456207563578464370e+00
2.754318408969550092e+03 2.456213814319813338e+00
2.761421933969549627e+03 2.456219965226388968e+00
2.768600133969549915e+03 2.456226129695957994e+00
2.775722328969550290e+03 2.456232195810384322e+00
2.782919198969550052e+03 2.456238275337132571e+00
2.790060058969550028e+03 2.456244258023037030e+00
2.797275598969549719e+03 2.456250253683563756e+00
2.804435133969549952e+03 2.456256154390783042e+00
2.811669338969549699e+03 2.456262068489214911e+00
2.818847538969549532e+03 2.456267889871480037e+00
2.826100413969550118e+03 2.456273722824814598e+00
2.833297283969550335e+03 2.456279458561650308e+00
2.840568828969549941e+03 2.456285199917063622e+00
2.847784363969550213e+03 2.456290844320401234e+00
2.855074578969550203e+03 2.456296492130843223e+00
2.862308788969549823e+03 2.456302038707967039e+00
2.869617673969550196e+03 2.456307587700641282e+00
2.876870548969549873e+03 2.456313047920376746e+00
2.884198098969549847e+03 2.456318519202456585e+00
2.891469643969549907e+03 2.456323900853413456e+00
2.898815863969549810e+03 2.456329290674235111e+00
2.906106078969549799e+03 2.456334596324580399e+00
2.913470968969550086e+03 2.456339913598649005e+00
2.920779848969550130e+03 2.456345147258082839e+00
2.928163408969549891e+03 2.456350392445507680e+00
2.935490963969549739e+03 2.456355559097705310e+00
2.942893188969550010e+03 2.456360737902737235e+00
2.950239408969549913e+03 2.456365833587327074e+00
2.957660308969549988e+03 2.456370937300145219e+00
2.965025198969550274e+03 2.456375962212963504e+00
2.972464763969549949e+03 2.456380997188020832e+00
2.979848318969549837e+03 2.456385951747233065e+00
2.987306548969550022e+03 2.456390916587440909e+00
2.994708778969550167e+03 2.456395810209501374e+00
3.002185683969549700e+03 2.456400718562950836e+00
3.009606578969549901e+03 2.456405552445272367e+00
3.017102153969549818e+03 2.456410395515646439e+00
3.024541718969549947e+03 2.456415162737087154e+00
3.032055958969549920e+03 2.456419939929814333e+00
3.039514193969549979e+03 2.456424647147120499e+00
3.047047103969549880e+03 2.456429368510155697e+00
3.054524008969549868e+03 2.456434023228077468e+00
3.062075583969549371e+03 2.456438695519511217e+00
3.069571153969549869e+03 2.456443307862415715e+00
3.077141403969549629e+03 2.456447937400858539e+00
3.084655643969550056e+03 2.456452498347776459e+00
3.092244558969550326e+03 2.456457066180866899e+00
3.099777468969550227e+03 2.456461559501540659e+00
3.107385058969550300e+03 2.456466059955515924e+00
3.114936638969549676e+03 2.456470496255144909e+00
3.122562888969549476e+03 2.456474942440722842e+00
3.130133138969550146e+03 2.456479316528658252e+00
3.137778063969550203e+03 2.456483696684198748e+00
3.145366978969550019e+03 2.456488013323069541e+00
3.153030573969550005e+03 2.456492337539615267e+00
3.160638158969550204e+03 2.456496589747690251e+00
3.168320418969550246e+03 2.456500846463609111e+00
3.175946673969550375e+03 2.456505041596397376e+00
3.183647603969549891e+03 2.456509246804354341e+00
3.191292528969550403e+03 2.456513388397062680e+00
3.199012128969550304e+03 2.456517536462488493e+00
3.206675718969549962e+03 2.456521620656205496e+00
3.214413983969549918e+03 2.456525711038223481e+00
3.222096243969549505e+03 2.456529739025094639e+00
3.229853183969549718e+03 2.456533771019258516e+00
3.237554118969549563e+03 2.456537736495806534e+00
3.245329723969549832e+03 2.456541704522591019e+00
3.253049318969549859e+03 2.456545611111341731e+00
3.260843593969549602e+03 2.456549524449967326e+00
3.268581863969549886e+03 2.456553380605951187e+00
3.276394808969550013e+03 2.456557245170196246e+00
3.284151743969549898e+03 2.456561053986923149e+00
3.291983353969550080e+03 2.456564871642048065e+00
3.299758963969550223e+03 2.456568634627161796e+00
3.307609243969549880e+03 2.456572401107894432e+00
3.315403518969550078e+03 2.456576102378434712e+00
3.323272473969549992e+03 2.456579804125894384e+00
3.331085413969550245e+03 2.456583450325829254e+00
3.338973028969549887e+03 2.456587102883509122e+00
3.346804643969549943e+03 2.456590701277582500e+00
3.354710933969549842e+03 2.456594305086748697e+00
3.362561213969549954e+03 2.456597854319846785e+00
3.370486173969549782e+03 2.456601409354071563e+00
3.378355123969549823e+03 2.456604913025276726e+00
3.386298748969549706e+03 2.456608424396828028e+00
3.394186368969549676e+03 2.456611886519737720e+00
3.402148663969549489e+03 2.456615355180957749e+00
3.410054953969550297e+03 2.456618771534178958e+00
3.418035918969550039e+03 2.456622192515363512e+00
3.425960873969549993e+03 2.456625562868044899e+00
3.433960503969550246e+03 2.456628941848358227e+00
3.441904128969549674e+03 2.456632278304776484e+00
3.449922433969549729e+03 2.456635626202530620e+00
3.457884728969549997e+03 2.456638929420173589e+00
3.465921698969550107e+03 2.456642238827427605e+00
3.473902663969549849e+03 2.456645497111143328e+00
3.481958303969549888e+03 2.456648759984433550e+00
3.489957938969550469e+03 2.456651977474758386e+00
3.498032243969550109e+03 2.456655204237665924e+00
3.506050543969550290e+03 2.456658389988738644e+00
3.514143523969549733e+03 2.456661570275716855e+00
3.522180493969550298e+03 2.456664676196199437e+00
3.530292138969550706e+03 2.456667772593009946e+00
3.538347778969549381e+03 2.456670825942816716e+00
3.546478093969549718e+03 2.456673890744031308e+00
3.554552403969550141e+03 2.456676921903663047e+00
3.562701388969549498e+03 2.456679965896906737e+00
3.570794368969550760e+03 2.456682971000998528e+00
3.578962023969549591e+03 2.456685985672435901e+00
3.587073668969549999e+03 2.456688961746727795e+00
3.595259988969549795e+03 2.456691944961799212e+00
3.603390303969550132e+03 2.456694885420821706e+00
3.611595298969549731e+03 2.456697828487439228e+00
3.619744283969549997e+03 2.456700725423774934e+00
3.627967943969550561e+03 2.456703625217171449e+00
3.636135598969549392e+03 2.456706484390438483e+00
3.644377923969549556e+03 2.456709352204542895e+00
3.660769233969549532e+03 2.456715015144699699e+00
3.677226903737099292e+03 2.456720630649383175e+00
3.685533558969549631e+03 2.456723426772094321e+00
3.693775888969549669e+03 2.456726174552585462e+00
3.702074223969549621e+03 2.456728919146164092e+00
3.710335223969550498e+03 2.456731633446121776e+00
3.718652228969549924e+03 2.456734351916693537e+00
3.726931893969550401e+03 2.456737044478916943e+00
3.735267568969550666e+03 2.456739741692595125e+00
3.743565903969550618e+03 2.456742405722312839e+00
3.751920248969550357e+03 2.456745059170310164e+00
3.760237253969550238e+03 2.456747677479762526e+00
3.768610263969550942e+03 2.456750294972040560e+00
3.776945938969550298e+03 2.456752880672066652e+00
3.785337618969550022e+03 2.456755461858548095e+00
3.793691958969550342e+03 2.456758011273155962e+00
3.802102308969550450e+03 2.456760558872986611e+00
3.810475318969550244e+03 2.456763077541098905e+00
3.818904333969549953e+03 2.456765596356213166e+00
3.827296018969550005e+03 2.456768085839306615e+00
3.835743708969550426e+03 2.456770572281743448e+00
3.844154053969549295e+03 2.456773029409340392e+00
3.852620408969549771e+03 2.456775485797010994e+00
3.861049428969549808e+03 2.456777916319056843e+00
3.869534453969550214e+03 2.456780349846852562e+00
3.877982138969549851e+03 2.456782761264417303e+00
3.886485833969549731e+03 2.456785178244206058e+00
3.894952193969550081e+03 2.456787568436211711e+00
3.903474553969550016e+03 2.456789953063925225e+00
3.911959578969550421e+03 2.456792308415330695e+00
3.920500613969549704e+03 2.456794662195234125e+00
3.929004303969549710e+03 2.456796985030583524e+00
3.937564003969550413e+03 2.456799299824416583e+00
3.946086368969550676e+03 2.456801588231238398e+00
3.954664738969550399e+03 2.456803881438987869e+00
3.963205768969549354e+03 2.456806153101597889e+00
3.971802803969550041e+03 2.456808426032383696e+00
3.980362503969550289e+03 2.456810669320435903e+00
3.988978213969549870e+03 2.456812902360336448e+00
3.997556583969550502e+03 2.456815104464989297e+00
4.006190958969549683e+03 2.456817303035764954e+00
4.014787998969550245e+03 2.456819477316553257e+00
4.023441043969550265e+03 2.456821654037064651e+00
4.032056753969550300e+03 2.456823812333331247e+00
4.040728468969549340e+03 2.456825977119590387e+00
4.049362843969550340e+03 2.456828120323942599e+00
4.058053228969549764e+03 2.456830260748428252e+00
4.066706273969549784e+03 2.456832374097031924e+00
4.075415323969549718e+03 2.456834482268153597e+00
4.084087038969550122e+03 2.456836563682059271e+00
4.092814758969549530e+03 2.456838642062717515e+00
4.101505138969549989e+03 2.456840698268353496e+00
4.110251528969551146e+03 2.456842756717716902e+00
4.118960583969550498e+03 2.456844793966102891e+00
4.127725643969550219e+03 2.456846830776355350e+00
4.136453363969550082e+03 2.456848845725682295e+00
4.145237088969550314e+03 2.456850860174898177e+00
4.153983478969549651e+03 2.456852850860165027e+00
4.162785878969550140e+03 2.456854838081215409e+00
4.171550938969550771e+03 2.456856803595537819e+00
4.180372003969549951e+03 2.456858769939895382e+00
4.189155728969549273e+03 2.456860712711520733e+00
4.197995463969549746e+03 2.456862650132360493e+00
4.206797858969549452e+03 2.456864564572851517e+00
4.215656258969550436e+03 2.456866478730713066e+00
4.224477328969550399e+03 2.456868372694247515e+00
4.233354403969549821e+03 2.456870266067688213e+00
4.242194133969550421e+03 2.456872135794173850e+00
4.251089873969551263e+03 2.456874000629957422e+00
4.259948278969550302e+03 2.456875848390374983e+00
4.268862688969550618e+03 2.456877703264283230e+00
4.277739763969550040e+03 2.456879540347889357e+00
4.286672843969550740e+03 2.456881375011843449e+00
4.295568583969549763e+03 2.456883189762047781e+00
4.304520333969549938e+03 2.456885004527446625e+00
4.313434743969550254e+03 2.456886798511137560e+00
4.322405158969550030e+03 2.456888589506419418e+00
4.331338238969550730e+03 2.456890360846624599e+00
4.340327323969549980e+03 2.456892132477930257e+00
4.349279068969550281e+03 2.456893885658808951e+00
4.358286823969550824e+03 2.456895638345596211e+00
4.367257243969549563e+03 2.456897372163857618e+00
4.376283668969550490e+03 2.456899105052784194e+00
4.385272753969550649e+03 2.456900819501773636e+00
4.394317843969550268e+03 2.456902532436000985e+00
4.403325598969549901e+03 2.456904221504647268e+00
4.412389363969549777e+03 2.456905901837066697e+00
4.421415783969549921e+03 2.456907560218317244e+00
4.430498213969550307e+03 2.456909216929901607e+00
4.439543308969549798e+03 2.456910855491882373e+00
4.448644408969550568e+03 2.456912494450922413e+00
4.457708168969549661e+03 2.456914121093485281e+00
4.466827933969550031e+03 2.456915753722844542e+00
4.475910363969550417e+03 2.456917370855770777e+00
4.485048803969550136e+03 2.456918984930957173e+00
4.494149903969550905e+03 2.456920576855034621e+00
4.503307008969550225e+03 2.456922162430909662e+00
4.512426778969549559e+03 2.456923729967942283e+00
4.521602553969549263e+03 2.456925298723124040e+00
4.530740988969550017e+03 2.456926852956478502e+00
4.539935433969550104e+03 2.456928408432852429e+00
4.549092543969549297e+03 2.456929948401730179e+00
4.558305653969549894e+03 2.456931487913400325e+00
4.567481428969550507e+03 2.456933011501567954e+00
4.576713213969549543e+03 2.456934534755660593e+00
4.585907653969549756e+03 2.456936042165262624e+00
4.595158103969550211e+03 2.456937549190324255e+00
4.604371218969549773e+03 2.456939041327550477e+00
4.613640338969549703e+03 2.456940533731076126e+00
4.622872118969548865e+03 2.456942010147519451e+00
4.632159903969550214e+03 2.456943485376115621e+00
4.641410353969549760e+03 2.456944946554953546e+00
4.650716813969550458e+03 2.456946408788883929e+00
4.659985933969550388e+03 2.456947854696328815e+00
4.669311058969549777e+03 2.456949296900997393e+00
4.678598848969550090e+03 2.456950720664509813e+00
4.687942643969550772e+03 2.456952140211614566e+00
4.697249103969549651e+03 2.456953541427736809e+00
4.706611568969549808e+03 2.456954939188061182e+00
4.715936693969550106e+03 2.456956321977331381e+00
4.725317828969550646e+03 2.456957705945790327e+00
4.734661623969550419e+03 2.456959079348326913e+00
4.744061423969550560e+03 2.456960456250210534e+00
4.753423888969550717e+03 2.456961820190917134e+00
4.762842358969550332e+03 2.456963182631560549e+00
4.772223488969550090e+03 2.456964529188874202e+00
4.781660628969549180e+03 2.456965872051645405e+00
4.791060433969550104e+03 2.456967196296234057e+00
4.800516243969550487e+03 2.456968516678468273e+00
4.809934713969549193e+03 2.456969826965610171e+00
4.819409193969549960e+03 2.456971143355071163e+00
4.828846333969549960e+03 2.456972450155855192e+00
4.838339478969550328e+03 2.456973757019382809e+00
4.847795288969549802e+03 2.456975047108162169e+00
4.857307103969550553e+03 2.456976331084536280e+00
4.866781578969549628e+03 2.456977597384813361e+00
4.876312063969549854e+03 2.456978860253137942e+00
4.885805213969550095e+03 2.456980109895912534e+00
4.895354368969550706e+03 2.456981360818803584e+00
4.904866183969550548e+03 2.456982602671224480e+00
4.914434003969549849e+03 2.456983848599421538e+00
4.923964488969550985e+03 2.456985085840338812e+00
4.933550983969550543e+03 2.456986324610674455e+00
4.943100133969550370e+03 2.456987549273458526e+00
4.952705293969549530e+03 2.456988769696452302e+00
4.962273118969550524e+03 2.456989974027055101e+00
4.971896943969550193e+03 2.456991174995632576e+00
4.981483433969549878e+03 2.456992363080491515e+00
4.991125933969549806e+03 2.456993551139132759e+00
5.000731093969549875e+03 2.456994728051169474e+00
5.010392258969550312e+03 2.456995906614640290e+00
5.020016088969549855e+03 2.456997077926206252e+00
5.029695928969550550e+03 2.456998252375947711e+00
5.039338428969550478e+03 2.456999413314641334e+00
5.049036933969549864e+03 2.457000569753687191e+00
5.058698098969549392e+03 2.457001712252470327e+00
5.068415268969549288e+03 2.457002853254946828e+00
5.078095103969549200e+03 2.457003982796547525e+00
5.087830948969550263e+03 2.457005110478898580e+00
5.097529453969550559e+03 2.457006221445764638e+00
5.107283963969550314e+03 2.457007328551897185e+00
5.117001138969550084e+03 2.457008430693305989e+00
5.126774318969550222e+03 2.457009540548017235e+00
5.136510163969550376e+03 2.457010640888887210e+00
5.146302013969549989e+03 2.457011739115322335e+00
5.156056523969550653e+03 2.457012825752212137e+00
5.165867043969549741e+03 2.457013910131527812e+00
5.175640223969548970e+03 2.457014978491037560e+00
5.185469408969549477e+03 2.457016040652261868e+00
5.195261258969549999e+03 2.457017089658803943e+00
5.205109118969549854e+03 2.457018139994802119e+00
5.214919638969549851e+03 2.457019187478082234e+00
5.224786163969550216e+03 2.457020240583569937e+00
5.234615348969549814e+03 2.457021280188590673e+00
5.244500538969549780e+03 2.457022314486825287e+00
5.254348393969549761e+03 2.457023339794185635e+00
5.264252258969549985e+03 2.457024367179625024e+00
5.274118783969549440e+03 2.457025383451812761e+00
5.284041313969550174e+03 2.457026397820119445e+00
5.293926508969550014e+03 2.457027403437904933e+00
5.303867713969551005e+03 2.457028410099515003e+00
5.313771578969550319e+03 2.457029406363725688e+00
5.323731448969550001e+03 2.457030401080802839e+00
5.333653978969550735e+03 2.457031385776728083e+00
5.343632513969550018e+03 2.457032369565180119e+00
5.353573713969550226e+03 2.457033342191126124e+00
5.363570923969549767e+03 2.457034311361934176e+00
5.373530793969550359e+03 2.457035266318255307e+00
5.383546668969550410e+03 2.457036217133202083e+00
5.393525208969549567e+03 2.457037158493287521e+00
5.403559753969550002e+03 2.457038100350616983e+00
5.413556958969549669e+03 2.457039032953782343e+00
5.423610173969550488e+03 2.457039966837997635e+00
5.433626053969550412e+03 2.457040897634367393e+00
5.443697938969549796e+03 2.457041834004912495e+00
5.453732483969550231e+03 2.457042763446623201e+00
5.463823033969550124e+03 2.457043690501549804e+00
5.473876248969550034e+03 2.457044602409008238e+00
5.483985468969549402e+03 2.457045508483887808e+00
5.494057348969549821e+03 2.457046405368104924e+00
5.504185238969549573e+03 2.457047302615230855e+00
5.514275793969549341e+03 2.457048190102146368e+00
5.524422353969550386e+03 2.457049077277879690e+00
5.534531573969549754e+03 2.457049959749889823e+00
5.544696803969550274e+03 2.457050845443034426e+00
5.554824693969550935e+03 2.457051722774123981e+00
5.565008588969549237e+03 2.457052598603130189e+00
5.575155148969549373e+03 2.457053465398699732e+00
5.585357713969549877e+03 2.457054330165215905e+00
5.595522938969550523e+03 2.457055182979293928e+00
5.605744173969549593e+03 2.457056032992317007e+00
5.615928073969549587e+03 2.457056876169345649e+00
5.626167978969550859e+03 2.457057721733777012e+00
5.636370543969549544e+03 2.457058561832242471e+00
5.646629113969549508e+03 2.457059403183119883e+00
5.656850348969550396e+03 2.457060236617392590e+00
5.667127593969550617e+03 2.457061069424946176e+00
5.677367498969550070e+03 2.457061894553084436e+00
5.687663408969549891e+03 2.457062719196733802e+00
5.697921978969548945e+03 2.457063534987302678e+00
5.708236558969550060e+03 2.457064348715832125e+00
5.718513798969549498e+03 2.457065152497766469e+00
5.728847043969549304e+03 2.457065953888887488e+00
5.739142953969549126e+03 2.457066746488830500e+00
5.749494873969550099e+03 2.457067540286523410e+00
5.759809453969549395e+03 2.457068332155088353e+00
5.770180038969549969e+03 2.457069128305630734e+00
5.780513288969550558e+03 2.457069917423656769e+00
5.790902543969549697e+03 2.457070703548236867e+00
5.801254458969549887e+03 2.457071477209452848e+00
5.811662383969550319e+03 2.457072246440622720e+00
5.822032973969549857e+03 2.457073007587388780e+00
5.832459563969549890e+03 2.457073769199728197e+00
5.842848818969549939e+03 2.457074525166089707e+00
5.853294083969550229e+03 2.457075282469274313e+00
5.863702003969549878e+03 2.457076034204846771e+00
5.874165933969549769e+03 2.457076787584531630e+00
5.884592528969549676e+03 2.457077536750747360e+00
5.895075128969549951e+03 2.457078287248122273e+00
5.905520388969549458e+03 2.457079030070055126e+00
5.916021653969550243e+03 2.457079770524656315e+00
5.926485583969550134e+03 2.457080501231172498e+00
5.937005523969550268e+03 2.457081228070651324e+00
5.947488123969550543e+03 2.457081944113991945e+00
5.958026728969550277e+03 2.457082656372673313e+00
5.968527998969550026e+03 2.457083359739675288e+00
5.979085273969550144e+03 2.457084064306744864e+00
5.989605208969549494e+03 2.457084769057666485e+00
6.000181153969549086e+03 2.457085479168552578e+00
6.010719763969550513e+03 2.457086183988841377e+00
6.021314378969549580e+03 2.457086885922879826e+00
6.031871653969549698e+03 2.457087575276468261e+00
6.042484933969550184e+03 2.457088260849973782e+00
6.053060878969549776e+03 2.457088942447811508e+00
6.063692828969550646e+03 2.457089626389322934e+00
6.074287438969549839e+03 2.457090304215672649e+00
6.084938058969549274e+03 2.457090980415510550e+00
6.095551343969550544e+03 2.457091648040230947e+00
6.100121608969549925e+03 2.457091933733691391e+00
6.107316869201999907e+03 2.457092383631068522e+00
6.116795983969549525e+03 2.457092978558625074e+00
6.125521908969550168e+03 2.457093526086727930e+00
6.136172528969550513e+03 2.457094188514801214e+00
6.146104178737099573e+03 2.457094800858918404e+00
6.153343983969550209e+03 2.457095245946669948e+00
6.159386408969549848e+03 2.457095615755417573e+00
6.171485218737100695e+03 2.457096349718086881e+00
6.186309843969549547e+03 2.457097240143584216e+00
6.198911033969549862e+03 2.457097989796050985e+00
6.223611028737100241e+03 2.457099447112109480e+00
6.243387733969550027e+03 2.457100607543579507e+00
6.269666933969549973e+03 2.457102130122578387e+00
6.307616978969550473e+03 2.457104277525739455e+00
6.345567023969550064e+03 2.457106383389753290e+00
6.400371058969549267e+03 2.457109367623400153e+00
6.455175093969549380e+03 2.457112272861954327e+00
6.534318138969550091e+03 2.457116334446408867e+00
6.613461183969549893e+03 2.457120256475331832e+00
6.727752428969549328e+03 2.457125649082432695e+00
6.842043673969550582e+03 2.457130678157489978e+00
7.007092788969550384e+03 2.457137408625389430e+00
7.172141898969549402e+03 2.457143631341041523e+00
7.410490943969548425e+03 2.457151830146350413e+00
7.648839988969550177e+03 2.457159151454297863e+00
7.993042183969549114e+03 2.457168471268500465e+00
8.337244378969549871e+03 2.457176543782389810e+00
8.834310148969550937e+03 2.457186440733491128e+00
9.331375918969550185e+03 2.457194577920298162e+00
1.004919347896954969e+04 2.457204029997160255e+00
1.076701104396954906e+04 2.457211416047871300e+00
1.180361844396954984e+04 2.457219729851328083e+00
1.284022584396955062e+04 2.457226360262155573e+00
1.433720074396955170e+04 2.457233656147195244e+00
1.583417564396955095e+04 2.457238814207703737e+00
1.799597179396955107e+04 2.457243796367967192e+00
2.015776794396954938e+04 2.457247062646997549e+00
2.327963899396955094e+04 2.457250180159912478e+00
2.640151004396954886e+04 2.457252833279921944e+00
3.090983469396954752e+04 2.457257710301882447e+00
3.541815934396954981e+04 2.457265812422640749e+00
4.192867529396955797e+04 2.457278332491925177e+00
4.843919119396954920e+04 2.457286446359872034e+00
5.784109114396954828e+04 2.457296981854158346e+00
6.724299114396954246e+04 2.457313450326971793e+00
8.082036719396954868e+04 2.457337253924807730e+00
9.439774324396959855e+04 2.457349142109731766e+00
1.140049654939696629e+05 2.457354681315875755e+00
1.336121875439696596e+05 2.457357164399246230e+00
1.619271695439696487e+05 2.457358266680849557e+00
1.902421515439696086e+05 2.457359788240468745e+00
2.311320945439695497e+05 2.457362801877868375e+00
2.720220380439695437e+05 2.457366870363917766e+00
3.310716070439695031e+05 2.457372298795860832e+00
3.901211760439695790e+05 2.457374491314350262e+00
4.753952385439695208e+05 2.457374778461894227e+00
5.606693005439696135e+05 2.457374978660093578e+00
