1.499991321499999919e-01 0.000000000000000000e+00
2.500000000000000555e-01 1.942867873964389388e-03
3.999989293000000279e-01 8.207330094022644365e-03
5.499980614499999643e-01 1.677997079832612912e-02
6.499991321500000474e-01 2.307714687344392113e-02
7.999989293000000501e-01 3.285372804628891585e-02
9.499980614499999865e-01 4.275615351567475103e-02
1.049999132149999959e+00 4.932930354945905260e-02
1.150000000000000133e+00 5.587013239319774810e-02
1.250000000000000222e+00 6.236581614228910164e-02
1.399998929300000139e+00 7.202882591676820767e-02
1.549997858600000056e+00 8.156052119117995769e-02
1.649998061449999831e+00 8.782397195636267029e-02
1.749998264300000050e+00 9.402022406345909855e-02
1.849999132150000003e+00 1.001424852678098332e-01
1.999998929300000006e+00 1.091727868782645244e-01
2.149997858599999923e+00 1.179780543510060564e-01
2.249998061449999920e+00 1.236968526770063220e-01
2.349998264300000361e+00 1.292775373829898322e-01
2.449999132150000314e+00 1.347024410346361056e-01
2.599998929300000317e+00 1.425128964599433334e-01
2.749997878600000334e+00 1.498824758222039866e-01
2.849997898600000301e+00 1.545268391179980272e-01
2.949997898599999946e+00 1.589459391791392950e-01
3.049998056450000217e+00 1.631332738297205376e-01
3.149999107150000199e+00 1.670851285619526227e-01
3.250000000000000000e+00 1.708003932935911184e-01
3.350000000000000089e+00 1.742805848866634810e-01
3.450000000000000178e+00 1.775293856056638364e-01
3.599998949300000195e+00 1.819883641045460521e-01
3.749997898600000212e+00 1.859617506487704908e-01
3.849997898599999413e+00 1.883484175111875825e-01
3.949997898600000834e+00 1.905390564700857603e-01
4.049998056450000661e+00 1.925423161373589209e-01
4.149999107150000199e+00 1.943671763372392947e-01
4.299998949299999929e+00 1.967978243829647811e-01
4.449997898599999502e+00 1.988832652961357028e-01
4.549998056449999773e+00 2.000953042105488300e-01
4.649999107150000199e+00 2.011819489770432789e-01
4.799998949299999929e+00 2.026079243926371121e-01
4.949997898600000390e+00 2.038148365225659897e-01
5.049998056450000661e+00 2.045111796285204731e-01
5.149999107150000199e+00 2.051352976739140577e-01
5.287336789300000284e+00 2.058945009544717875e-01
5.437335738600000745e+00 2.066129588161954855e-01
5.549998056449999773e+00 2.070856130811319362e-01
5.649999107150000199e+00 2.074656887612799372e-01
5.799998949299999929e+00 2.079829628746052705e-01
5.949997898600000390e+00 2.084479311422104963e-01
6.049998056450000661e+00 2.087342269478204559e-01
6.149999107150000199e+00 2.090067898276757319e-01
6.299998949299999929e+00 2.093977639101197996e-01
6.449997898599999502e+00 2.097737593302636816e-01
6.549998056449999773e+00 2.100192397841930403e-01
6.649999107150001088e+00 2.102635448617614644e-01
6.756090279299999501e+00 2.105235551044083719e-01
6.906089228599999075e+00 2.108966223554943065e-01
7.049998056449999773e+00 2.112635882336645066e-01
7.149999107150001088e+00 2.115254857579374204e-01
7.299998949299999929e+00 2.119324675076549869e-01
7.449997898599999502e+00 2.123587386070091565e-01
7.549998056449998884e+00 2.126547907814557159e-01
7.649999107149999311e+00 2.129613671624416560e-01
7.799998949299999040e+00 2.134425716518240923e-01
7.949997898599999502e+00 2.139509040149714658e-01
8.049998056450000661e+00 2.143056349290090867e-01
8.149998214300000043e+00 2.146736942969897088e-01
8.249999107149999844e+00 2.150555250803295182e-01
8.377522834300000554e+00 2.155632800378745051e-01
8.527521783600001015e+00 2.161913256065728928e-01
8.649998056450000306e+00 2.167291759328758560e-01
8.749999107149999844e+00 2.171854324692134575e-01
8.879553279299999602e+00 2.178002820526173944e-01
9.029552228600001840e+00 2.185462818113463879e-01
9.149998056450000306e+00 2.191719762107564862e-01
9.249999107149999844e+00 2.197097642055811095e-01
9.399998949300000461e+00 2.205481153235503144e-01
9.549998056449998884e+00 2.214247943121457618e-01
9.649998214299998267e+00 2.220306517303558824e-01
9.749999107150001620e+00 2.226536037713648664e-01
9.899998949300002238e+00 2.236198342360051217e-01
1.004999805644999888e+01 2.246240396571253795e-01
1.014999821430000004e+01 2.253144218350136840e-01
1.024999910715000162e+01 2.260211698621788778e-01
1.039999894930000046e+01 2.271110091494573380e-01
1.054999805645000066e+01 2.282356479686122319e-01
1.064999821430000004e+01 2.290042351227640771e-01
1.074999910715000162e+01 2.297872812496257189e-01
1.089999894930000046e+01 2.309878486216344895e-01
1.104999805645000066e+01 2.322186033271221584e-01
1.114999821430000004e+01 2.330551923338655684e-01
1.124999910714999984e+01 2.339038774005177956e-01
1.139999894930000046e+01 2.351981907958245466e-01
1.154999805644999888e+01 2.365167809910495855e-01
1.164999821430000004e+01 2.374086245948308915e-01
1.174999821479999973e+01 2.383099427184114660e-01
1.184999910764999953e+01 2.392202236350170208e-01
1.196973932379999894e+01 2.403212081733568373e-01
1.211973827159999928e+01 2.417160349814933551e-01
1.224999789560000174e+01 2.429402896070116391e-01
1.234999805544999951e+01 2.438876497831357903e-01
1.244999910764999917e+01 2.448409760281518854e-01
1.259999894799999964e+01 2.462810032558287732e-01
1.274999789600000000e+01 2.477320679563800865e-01
1.284999805565000131e+01 2.487050620361508924e-01
1.294999910765000095e+01 2.496820553847272917e-01
1.309999894779999963e+01 2.511541417694105327e-01
1.324999789559999996e+01 2.526333307165988806e-01
1.334999805544999951e+01 2.536229893372183297e-01
1.344999910764999917e+01 2.546150917111154044e-01
1.359999894779999963e+01 2.561071604655438261e-01
1.374999789709999831e+01 2.576033342263749359e-01
1.384999789859999986e+01 2.586027633698828598e-01
1.394999805644999924e+01 2.596034934140642458e-01
1.404999910715000233e+01 2.606053266230661247e-01
1.415000000000000036e+01 2.616080497832277141e-01
1.426787800929999861e+01 2.627909192182806830e-01
1.441787695860000085e+01 2.642970328643319267e-01
1.454999805644999888e+01 2.656240497394064537e-01
1.464999821430000004e+01 2.666284597854226557e-01
1.474999910715000162e+01 2.676327129803514615e-01
1.489999894929999869e+01 2.691383901705542425e-01
1.504999805645000066e+01 2.706428143915157736e-01
1.514999821430000004e+01 2.716448379497800603e-01
1.524999910715000162e+01 2.726459077759188498e-01
1.540000000000000036e+01 2.741453197014008802e-01
1.559999999999999964e+01 2.761396476190833282e-01
1.580000000000000071e+01 2.781274034500101910e-01
1.597664840930000096e+01 2.798767807549136233e-01
1.611805729359999972e+01 2.812724396096174528e-01
1.624140888430000018e+01 2.824860506548006467e-01
1.635000000000000142e+01 2.835512212888580130e-01
1.645000000000000284e+01 2.845293240955610869e-01
1.660000000000000497e+01 2.859911821847324065e-01
1.680000000000000071e+01 2.879298203905534259e-01
1.695000000000000284e+01 2.893754776054464073e-01
1.705148774430000103e+01 2.903493349156701098e-01
1.720148774429999605e+01 2.917821293908981484e-01
1.735000000000000142e+01 2.931926953108198175e-01
1.745000000000000284e+01 2.941378420960364948e-01
1.760000000000000497e+01 2.955482864588687142e-01
1.780000000000000426e+01 2.974148331783528221e-01
1.795000000000000284e+01 2.988038684486536978e-01
1.810000000000000142e+01 3.001832849966459826e-01
1.830000000000000071e+01 3.020071201532247285e-01
1.845000000000000284e+01 3.033631710485106825e-01
1.860000000000000142e+01 3.047088453779597250e-01
1.880000000000000071e+01 3.064865947822751346e-01
1.895000000000000284e+01 3.078073065734593383e-01
1.910000000000000497e+01 3.091170382120156934e-01
1.925000000000000355e+01 3.104156386963481951e-01
1.940000000000000568e+01 3.117029742280178484e-01
1.960000000000000497e+01 3.134017035457663525e-01
1.975000000000000355e+01 3.146623019359204854e-01
1.986821627430000348e+01 3.156476110406070124e-01
2.001195412860000289e+01 3.168358958962743110e-01
2.014373785429999941e+01 3.179158722378806479e-01
2.025000000000000355e+01 3.187800328332863753e-01
2.035506882930000216e+01 3.196286307570095353e-01
2.050506882930000074e+01 3.208300332876383165e-01
2.065000000000000213e+01 3.219795190505456706e-01
2.075000000000000355e+01 3.227661342631017449e-01
2.090000000000000568e+01 3.239361233589191369e-01
2.107849239929999996e+01 3.253128235444173733e-01
2.122849239930000209e+01 3.264566928935352386e-01
2.140000000000000568e+01 3.277499410495918752e-01
2.160000000000000497e+01 3.292383606773804927e-01
2.175000000000000355e+01 3.303407875633081470e-01
2.190000000000000213e+01 3.314313692042920034e-01
2.205101373430000322e+01 3.325174001381613897e-01
2.218292960359999810e+01 3.334563583635671846e-01
2.233191586930000128e+01 3.345059946296550235e-01
2.245000000000000284e+01 3.353297450952388292e-01
2.260000000000000142e+01 3.363658176641413644e-01
2.275000000000000355e+01 3.373904176710881830e-01
2.290000000000000213e+01 3.384036237608567532e-01
2.310000000000000142e+01 3.397370236172820857e-01
2.325000000000000355e+01 3.407239638084990641e-01
2.335400827930000389e+01 3.414017546606853415e-01
2.350400827929999892e+01 3.423699690775793281e-01
2.365000000000000213e+01 3.433018304017984579e-01
2.375000000000000355e+01 3.439341983206526399e-01
2.390000000000000568e+01 3.448738617392230199e-01
2.410000000000000497e+01 3.461103191289863767e-01
2.425000000000000355e+01 3.470254223757753276e-01
2.435848687930000267e+01 3.476808041716010766e-01
2.450325645860000279e+01 3.485470650136904824e-01
2.464476957930000367e+01 3.493847149228028193e-01
2.475000000000000355e+01 3.500017855232322450e-01
2.490000000000000213e+01 3.508729783168638150e-01
2.510000000000000142e+01 3.520194298065593697e-01
2.525000000000000355e+01 3.528680211776832887e-01
2.540000000000000568e+01 3.537071505493529777e-01
2.556522682930000201e+01 3.546206910879895480e-01
2.571522682930000414e+01 3.554403829420990646e-01
2.590000000000000568e+01 3.564376664958563423e-01
2.610000000000000497e+01 3.575019229023328471e-01
2.625000000000000355e+01 3.582899008071436797e-01
2.640000000000000213e+01 3.590693136989878687e-01
2.660000000000000497e+01 3.600954982202947408e-01
2.675000000000000355e+01 3.608554771786116055e-01
2.690000000000000213e+01 3.616073537738070942e-01
2.710000000000000142e+01 3.625975183772343624e-01
2.725000000000000711e+01 3.633309925450002309e-01
2.740000000000000924e+01 3.640567932121376860e-01
2.760000000000000142e+01 3.650128684980902261e-01
2.775000000000000711e+01 3.657213020978574147e-01
2.789999999999999858e+01 3.664225261424017277e-01
2.808471352930000009e+01 3.672763875395134714e-01
2.823471352929999867e+01 3.679620693865940373e-01
2.839999999999999858e+01 3.687097541764501329e-01
2.860000000000000497e+01 3.696036734635506638e-01
2.875000000000000355e+01 3.702664983526405829e-01
2.889999999999999858e+01 3.709229563118232598e-01
2.910000000000000497e+01 3.717885916613308805e-01
2.925000000000000355e+01 3.724307024342152217e-01
2.939746022930000180e+01 3.730561629449867800e-01
2.954746022930000038e+01 3.736866451216851459e-01
2.965000000000000213e+01 3.741143414070542406e-01
2.975000000000000355e+01 3.745289148019980141e-01
2.990000000000000213e+01 3.751461978219464699e-01
3.010000000000000497e+01 3.759608595649556184e-01
3.025000000000000355e+01 3.765656631532010024e-01
3.040000000000000213e+01 3.771653041112483784e-01
3.060000000000000497e+01 3.779570315970419148e-01
3.075000000000000355e+01 3.785450881181525173e-01
3.090000000000000213e+01 3.791283742814117730e-01
3.110000000000000853e+01 3.798988923163774678e-01
3.125000000000000355e+01 3.804714792076226981e-01
3.140000000000000213e+01 3.810396551337429938e-01
3.160000000000000853e+01 3.817905597513293614e-01
3.175000000000000711e+01 3.823488257222766862e-01
3.190000000000000213e+01 3.829030082390810219e-01
3.205000000000000426e+01 3.834532109137842593e-01
3.215000000000000568e+01 3.838178410282572783e-01
3.225000000000000000e+01 3.841807794699902967e-01
3.235000000000000142e+01 3.845420561010761684e-01
3.250000000000000711e+01 3.850809358862369858e-01
3.265000000000000568e+01 3.856159231718697677e-01
3.275000000000000000e+01 3.859699967271548182e-01
3.285000000000000142e+01 3.863217159587011285e-01
3.300000000000000711e+01 3.868450784551035193e-01
3.314999999999999858e+01 3.873635928728146327e-01
3.325000000000000000e+01 3.877066938841158272e-01
3.335000000000000142e+01 3.880478570976663155e-01
3.350000000000000000e+01 3.885561769032266355e-01
3.364999999999999858e+01 3.890605606587826948e-01
3.375000000000000000e+01 3.893947172414162217e-01
3.385000000000000142e+01 3.897272815340155905e-01
3.400000000000000000e+01 3.902232823733680078e-01
3.414999999999999858e+01 3.907159811021396756e-01
3.425000000000000000e+01 3.910426684815841436e-01
3.435000000000000853e+01 3.913679901701698216e-01
3.450000000000000000e+01 3.918535044127243183e-01
3.464999999999999858e+01 3.923361296369813900e-01
3.475000000000000711e+01 3.926563114763664264e-01
3.485000000000000853e+01 3.929752776767362898e-01
3.500000000000000711e+01 3.934515141514949299e-01
3.514999999999999858e+01 3.939251484779501822e-01
3.525000000000000711e+01 3.942394869339871932e-01
3.535000000000000853e+01 3.945527220266945023e-01
3.550000000000000711e+01 3.950205584276046955e-01
3.565000000000000568e+01 3.954860158782343982e-01
3.575000000000000711e+01 3.957950201523670053e-01
3.585000000000000853e+01 3.961030073902438997e-01
3.600000000000000000e+01 3.965631199715644595e-01
3.615000000000000568e+01 3.970210192160912865e-01
3.625000000000000711e+01 3.973250709486249588e-01
3.635000000000000853e+01 3.976281694550077850e-01
3.650000000000000000e+01 3.980810618502075848e-01
3.665000000000000568e+01 3.985318711224851707e-01
3.675000000000000711e+01 3.988312656597537420e-01
3.685000000000000142e+01 3.991297592480942402e-01
3.700000000000000000e+01 3.995758352897555432e-01
3.715000000000000568e+01 4.000199308682596544e-01
3.725000000000000711e+01 4.003149029435005279e-01
3.735000000000000142e+01 4.006090129991277116e-01
3.750000000000000000e+01 4.010485810053603939e-01
3.765000000000000568e+01 4.014862444786080897e-01
3.775000000000000000e+01 4.017769681090370693e-01
3.785000000000000142e+01 4.020668587867536337e-01
3.800000000000000000e+01 4.025001473500238736e-01
3.814999999999999858e+01 4.029315861928066123e-01
3.825000000000000000e+01 4.032181874280977851e-01
3.835000000000000142e+01 4.035039737846797814e-01
3.845000000000000995e+01 4.037889469707410806e-01
3.860000000000000853e+01 4.042148877083557856e-01
3.875000000000000000e+01 4.046390055294337706e-01
3.885000000000000853e+01 4.049207376002824654e-01
3.895000000000000995e+01 4.052016611588915573e-01
3.910000000000000853e+01 4.056215332528146367e-01
3.925000000000000711e+01 4.060395868287308696e-01
3.935000000000000853e+01 4.063172771466718181e-01
3.945000000000000995e+01 4.065941591414061751e-01
3.960000000000000853e+01 4.070079730582020217e-01
3.975000000000000711e+01 4.074199765666229878e-01
3.985000000000000853e+01 4.076936370518039476e-01
3.997529282930000250e+01 4.080353721547167467e-01
4.027938500860000204e+01 4.088593835504287233e-01
4.097560735859999426e+01 4.107168361905887966e-01
4.156159635859999923e+01 4.122482279575047648e-01
4.208629320860000433e+01 4.135935533830946143e-01
4.279849425860000167e+01 4.153788143636001351e-01
4.322582070860000414e+01 4.164270641982643073e-01
4.383719465859999076e+01 4.178960194167307685e-01
4.451365310859999624e+01 4.194779479245246412e-01
4.474999480649999839e+01 4.200198157971802293e-01
4.484999575439999830e+01 4.202474116107217661e-01
4.497566260650000203e+01 4.205319688949049062e-01
4.512003960859999552e+01 4.208568715131515980e-01
4.524437180860000041e+01 4.211349148853598678e-01
4.534999385859999421e+01 4.213698367432135439e-01
4.544999385860000274e+01 4.215911714115294640e-01
4.554999385860000416e+01 4.218114536662720959e-01
4.564999385860000558e+01 4.220306841484420257e-01
4.574999480650000550e+01 4.222488655836506011e-01
4.584999575439999830e+01 4.224659965736906053e-01
4.595642250650000449e+01 4.226959269305516353e-01
4.610642155859999747e+01 4.230179781054967947e-01
4.624999480650000550e+01 4.233240245398874335e-01
4.634999575439999830e+01 4.235359144857503422e-01
4.646982090649999719e+01 4.237884328634866637e-01
4.661981995859999728e+01 4.241024184033683753e-01
4.674999480650000550e+01 4.243729847295134028e-01
4.684999575439999830e+01 4.245796188785317393e-01
4.699999480649999839e+01 4.248875891716690223e-01
4.714999385859999848e+01 4.251931885058296556e-01
4.724999480650000550e+01 4.253956077392733182e-01
4.734999575440000541e+01 4.255969760466500329e-01
4.747451530650000251e+01 4.258462502751415024e-01
4.762451435860000259e+01 4.261443751130827295e-01
4.774999480650000550e+01 4.263919599939383076e-01
4.784999575440000541e+01 4.265880932922117563e-01
4.799999480649999839e+01 4.268803364934486422e-01
4.814999385860000558e+01 4.271702391649638275e-01
4.824999480650000550e+01 4.273622115633916030e-01
4.834999575440000541e+01 4.275531499052053208e-01
4.848592180650000216e+01 4.278110363745127320e-01
4.863592085860000225e+01 4.280934414081309924e-01
4.874999480650000550e+01 4.283066962845908376e-01
4.884999575440000541e+01 4.284925785641060525e-01
4.899999480649999839e+01 4.287695429759005861e-01
4.914999385860000558e+01 4.290442864752025409e-01
4.924999480650000550e+01 4.292262206248063650e-01
4.934999575440000541e+01 4.294071748560274182e-01
4.948663755649999274e+01 4.296528551357259307e-01
4.963663660860000704e+01 4.299204630296001306e-01
4.974999480650000550e+01 4.301212561464375361e-01
4.984999575440000541e+01 4.302973623134394576e-01
4.999999480650000550e+01 4.305597264498964849e-01
5.014999385859999848e+01 4.308199598595169322e-01
5.024999480649999839e+01 4.309922880527710110e-01
5.034999575439999830e+01 4.311637082716572311e-01
5.049999480650000550e+01 4.314191860296043290e-01
5.064999385859999848e+01 4.316727388331042525e-01
5.074999480649999839e+01 4.318407239115391594e-01
5.084999575439999830e+01 4.320078781039327076e-01
5.099999480650000550e+01 4.322570717090120085e-01
5.114999385859999848e+01 4.325044467388511338e-01
5.124999480649999839e+01 4.326683691982080582e-01
5.134999575439999830e+01 4.328315107398174044e-01
5.149999480650000550e+01 4.330747910223020081e-01
5.164999385859999848e+01 4.333163921660959095e-01
5.174999480649999839e+01 4.334765509559070362e-01
5.184999575439999830e+01 4.336360066500062338e-01
5.199999480650000550e+01 4.338739488213091966e-01
5.214999387359999616e+01 4.341105006167668701e-01
5.224999388859999527e+01 4.342674914939221309e-01
5.234999388859999669e+01 4.344239877710380227e-01
5.244999388860000522e+01 4.345800459458403764e-01
5.254999480650000976e+01 4.347357153213147196e-01
5.269999480650000123e+01 4.349686208546584276e-01
5.284999388859999669e+01 4.352009556999938411e-01
5.294999388860000522e+01 4.353556284355769024e-01
5.304999480650000976e+01 4.355102466244120119e-01
5.319999480650000123e+01 4.357423716169568362e-01
5.334999388860000380e+01 4.359750840770198477e-01
5.344999388860000522e+01 4.361308034289712032e-01
5.354999480650000976e+01 4.362873042484747832e-01
5.369999480650000123e+01 4.365244555019765493e-01
5.384999388860000380e+01 4.367656841614651619e-01
5.394999388860000522e+01 4.369297624167499117e-01
5.404999480650000265e+01 4.370978972946111263e-01
5.419999480650000123e+01 4.373637191901951771e-01
5.434999388860000380e+01 4.376560506863317324e-01
5.444999388860000522e+01 4.378792084815376628e-01
5.454999480649999555e+01 4.381670559302173196e-01
5.468733265150000733e+01 4.398902849230753032e-01
5.483733173359999569e+01 4.446549667649447035e-01
5.494999388860000522e+01 4.494603991202322235e-01
5.504999480650000976e+01 4.537512122804240877e-01
5.519999480650000123e+01 4.599595534413471465e-01
5.534999388860000380e+01 4.659053566256536327e-01
5.544999388860000522e+01 4.697369330162532997e-01
5.554999480649999555e+01 4.734782304220516713e-01
5.569037899149999760e+01 4.786026703380943936e-01
5.583778356859998837e+01 4.838478795152146295e-01
5.594739938360000764e+01 4.876735832943895343e-01
5.604999480650000976e+01 4.912096597301872092e-01
5.615608613649999370e+01 4.948314319949047024e-01
5.630608521860001048e+01 4.999121519564562188e-01
5.644999388860000522e+01 5.047591641918990346e-01
5.654999480650000265e+01 5.081206761036496378e-01
5.669999480650000123e+01 5.131728877155641300e-01
5.684999388860000380e+01 5.182510061490924747e-01
5.694999388859999812e+01 5.216580942233479679e-01
5.704999480650000265e+01 5.250895112308771040e-01
5.719999480650000123e+01 5.302939192869271512e-01
5.734999388860000380e+01 5.355776146418801398e-01
5.744999388859999812e+01 5.391496140209928178e-01
5.754999480650000265e+01 5.427664477254522390e-01
5.767049739150000676e+01 5.471895275918641222e-01
5.779802035860001297e+01 5.519528292728581587e-01
5.792751777360000176e+01 5.568823298052927306e-01
5.804999480650000265e+01 5.616349754809267791e-01
5.819999480649999413e+01 5.675820419967402275e-01
5.834999388859999669e+01 5.736738082843736430e-01
5.844999388859999812e+01 5.778174979026827751e-01
5.854999480650000265e+01 5.820289048828898304e-01
5.869999480650000834e+01 5.884747775302160422e-01
5.884999388859999669e+01 5.950764487781396994e-01
5.894999388859999812e+01 5.995644084772454585e-01
5.904999480650000265e+01 6.041216369128498132e-01
5.919999480649999413e+01 6.110855504327209475e-01
5.934999388859999669e+01 6.182011245629639440e-01
5.944999388859999812e+01 6.230275982827874204e-01
5.954999480650000265e+01 6.279183093286382356e-01
5.966928474150000739e+01 6.338336383027745047e-01
5.981928382360000285e+01 6.413921959247939064e-01
5.994999388859999812e+01 6.480838394699303118e-01
6.004999480650000265e+01 6.532661343723611402e-01
6.019999480649999413e+01 6.611334299213047494e-01
6.034999388859999669e+01 6.691065845841356330e-01
6.044999388859999812e+01 6.744768920229383680e-01
6.054999480650000265e+01 6.798868653603694634e-01
6.067436013150000207e+01 6.866648403037979298e-01
6.082435921359999753e+01 6.949052223770828540e-01
6.094999388859999812e+01 7.018558251792836877e-01
6.104999480649999555e+01 7.074152814267521405e-01
6.114999572690000917e+01 7.129944389440981967e-01
6.124999572940000547e+01 7.185897383804872307e-01
6.136973518399999250e+01 7.253052495206042671e-01
6.151973426309999837e+01 7.337327263883306472e-01
6.164999388759999732e+01 7.410572511701977172e-01
6.174999388759999874e+01 7.466789439631051906e-01
6.184999480849999998e+01 7.522947898949410295e-01
6.194999572940000121e+01 7.579009490802518512e-01
6.208377915819999515e+01 7.653781478258510074e-01
6.223377823729999392e+01 7.737208867871582241e-01
6.234999480849999998e+01 7.801485568054012942e-01
6.244999572940000121e+01 7.856487873877293637e-01
6.254999572939999553e+01 7.911163190279850710e-01
6.264999572939999695e+01 7.965475128670644889e-01
6.274999572939999837e+01 8.019388126619049206e-01
6.286649205399999119e+01 8.081642727498014045e-01
6.301649113309999706e+01 8.160841799971042532e-01
6.314999388809999914e+01 8.230355012582102336e-01
6.324999388860000238e+01 8.281777095840142655e-01
6.334999388860000380e+01 8.332605357804687696e-01
6.344999388860000522e+01 8.382810510185373376e-01
6.354999480650000976e+01 8.432365475719560965e-01
6.366787387150000654e+01 8.489905129412846918e-01
6.379074423859999854e+01 8.548826329197045659e-01
6.392286517360000886e+01 8.610898080913517161e-01
6.404999480649999555e+01 8.669296581580331340e-01
6.419999480650000123e+01 8.736535285223392400e-01
6.434999480650000692e+01 8.802025758974408864e-01
6.448792460650000180e+01 8.860760094286955768e-01
6.463792368859999726e+01 8.923084607773249521e-01
6.507664335360000507e+01 9.097915730739078999e-01
6.551805328860000088e+01 9.263665875900685132e-01
6.576906920860000128e+01 9.354023535810951362e-01
6.610886425860000770e+01 9.473306326949400002e-01
6.631523691859999303e+01 9.544191992795654222e-01
6.643552072859999669e+01 9.584964216198701425e-01
6.691157823359999668e+01 9.743210467126299790e-01
6.739032601360000285e+01 9.897751738861286785e-01
6.778135884859999294e+01 1.002096082647915942e+00
6.820594424859999094e+01 1.015214882500113935e+00
6.836217409860000771e+01 1.019975875717232361e+00
6.887556944860000385e+01 1.035414836286119300e+00
6.941195011860000363e+01 1.051231678781121781e+00
6.988699307859999976e+01 1.065000138378462635e+00
7.034353576859999180e+01 1.078048097724148224e+00
7.047876893360000849e+01 1.081878959851219291e+00
7.102950212359998261e+01 1.097344603704687227e+00
7.158292559359999530e+01 1.112678552078926186e+00
7.208597194360000060e+01 1.126454456713786412e+00
7.257447190860000319e+01 1.139702023158906563e+00
7.272442005860000336e+01 1.143743149855835028e+00
7.331249110859999973e+01 1.159492965626502725e+00
7.390325245860000791e+01 1.175163284930488050e+00
7.437829545859999314e+01 1.187660185380279065e+00
7.489875270860000001e+01 1.201253199039612474e+00
7.511942260860000431e+01 1.206985598499005663e+00
7.574483150860000080e+01 1.223134243039754931e+00
7.637293065859999786e+01 1.239206520519487320e+00
7.676396345860000281e+01 1.249136603800503398e+00
7.723032405860000438e+01 1.260899871976645326e+00
7.748336905859999035e+01 1.267245776035382132e+00
7.766377655860000573e+01 1.271754242474111729e+00
7.832652325860000531e+01 1.288192694521546944e+00
7.899196025859998826e+01 1.304493188231667045e+00
7.924297620859999824e+01 1.310586357017114345e+00
7.956662960860001022e+01 1.318393096891533833e+00
7.999702930860001970e+01 1.328685695411577772e+00
8.035748180859998513e+01 1.337227205187856871e+00
8.105756635859999903e+01 1.353597526787156502e+00
8.171290910860000167e+01 1.368645355263728103e+00
8.194027290859999368e+01 1.373801768962281677e+00
8.260403415860000109e+01 1.388655821221244979e+00
8.320053845860000763e+01 1.401747019003586114e+00
8.374092265859999884e+01 1.413391947369002866e+00
8.435125405860000569e+01 1.426294060427944155e+00
8.465609715860000506e+01 1.432638211748696877e+00
8.543416490859999612e+01 1.448532244373355038e+00
8.619294650859998796e+01 1.463617883966497724e+00
8.646263135859999238e+01 1.468881239967210650e+00
8.679957310860000064e+01 1.475387523193593564e+00
8.730464850859999615e+01 1.484996870551064108e+00
8.774515730859998541e+01 1.493236952944769325e+00
8.848156520860000285e+01 1.506732066117590696e+00
8.916180890860000829e+01 1.518895384014274930e+00
8.933470590860000016e+01 1.521940630331764410e+00
9.014680400860000020e+01 1.536013292785295858e+00
9.096159235860000081e+01 1.549756041885633762e+00
9.135262520860000279e+01 1.556220991764819539e+00
9.180822470860000806e+01 1.563654518830232210e+00
9.224795890859999759e+01 1.570729944869974748e+00
9.262581670859999861e+01 1.576732065125450388e+00
9.346490365859999372e+01 1.589821287541502759e+00
9.431702990860000568e+01 1.602787459084580313e+00
9.450285280859999659e+01 1.605571661981231912e+00
9.524701110859999176e+01 1.616581256412656042e+00
9.606627885860000049e+01 1.628445123387995741e+00
9.648531505859999413e+01 1.634411202252461282e+00
9.696622765860000470e+01 1.641178637107154392e+00
9.743396520860000010e+01 1.647680144337797747e+00
9.784251670860000161e+01 1.653294426283851815e+00
9.869093815860000518e+01 1.664772062487706927e+00
9.946705370859999107e+01 1.675062263373020999e+00
9.965609235860000581e+01 1.677538457559839102e+00
1.005802040086000062e+02 1.689485953123188500e+00
1.015070059085999929e+02 1.701207743005781259e+00
1.018607009086000090e+02 1.705613233761595016e+00
1.026687738086000081e+02 1.715545633304369710e+00
1.033952573085999944e+02 1.724318458980238278e+00
1.041596685586000035e+02 1.733393377937633373e+00
1.049837200585999994e+02 1.743001689738981508e+00
1.053208465085999990e+02 1.746880487499497647e+00
1.063009649086000081e+02 1.757993373594877839e+00
1.072837735586000036e+02 1.768893032084616124e+00
1.074787827086000078e+02 1.771026722199815939e+00
1.083347915086000057e+02 1.780284621250475707e+00
1.092840384586000084e+02 1.790344512064368621e+00
1.098710950086000082e+02 1.796458416781543832e+00
1.107430824586000142e+02 1.805391924766047040e+00
1.113216412085999849e+02 1.811222137458498693e+00
1.123007449085999951e+02 1.820917785451329207e+00
1.131887110085999950e+02 1.829526525285225524e+00
1.133965818086000041e+02 1.831516477016976729e+00
1.144513759085999851e+02 1.841474377189343592e+00
1.155088602585999951e+02 1.851223057633730074e+00
1.158252172085999945e+02 1.854094183795389927e+00
1.167451406085999963e+02 1.862330455712561728e+00
1.176584765086000033e+02 1.870342119737520958e+00
1.183482119586000181e+02 1.876285873092386147e+00
1.192841140085999996e+02 1.884209347350024766e+00
1.198454306085999832e+02 1.888883596247158625e+00
1.209085446586000074e+02 1.897584381989117608e+00
1.220220358086000090e+02 1.906487966760764152e+00
1.231991924085999841e+02 1.915675194023319650e+00
1.243313524586000085e+02 1.924299999715665344e+00
1.246383751614500142e+02 1.926603666944946225e+00
1.256222131114499945e+02 1.933890178365411439e+00
1.266303200586000060e+02 1.941205167820160948e+00
1.272920523086000202e+02 1.945925688076648896e+00
1.282918689586000198e+02 1.952940744426490571e+00
1.289666256085999976e+02 1.957595381070559526e+00
1.299830672085999765e+02 1.964490902372022729e+00
1.309988624586000014e+02 1.971245033185805129e+00
1.313402689085999953e+02 1.973484344026907200e+00
1.325444143586000223e+02 1.981265838992135819e+00
1.337431939086000057e+02 1.988832989376528859e+00
1.349660083086000100e+02 1.996372294886630039e+00
1.361995691086000022e+02 2.003799209181568841e+00
1.367026153586000135e+02 2.006776975003882857e+00
1.377663466086000028e+02 2.012980683304743224e+00
1.386852260085999831e+02 2.018238039085554103e+00
1.395243129586000066e+02 2.022958670494795275e+00
1.406040228086000070e+02 2.028923166113747900e+00
1.412082207086000096e+02 2.032207103814752891e+00
1.423833482614500383e+02 2.038488190371831710e+00
1.434790367614500042e+02 2.044219622676440196e+00
1.437685532586000079e+02 2.045713929074651549e+00
1.450660433086000012e+02 2.052313397785786808e+00
1.463662236585999779e+02 2.058766807371875451e+00
1.476823826586000052e+02 2.065141318116234803e+00
1.490012319086000048e+02 2.071373991477048815e+00
1.495322814586000106e+02 2.073840379319444871e+00
1.506759059086000150e+02 2.079071280347752460e+00
1.523281057114500072e+02 2.086437803242955358e+00
1.536816025114500235e+02 2.092308595418141071e+00
1.553524710114500067e+02 2.099361418516109801e+00
1.567246367614500002e+02 2.104997013412351681e+00
1.583218440585999929e+02 2.111387152453072957e+00
1.598050086586000020e+02 2.117162934415834474e+00
1.612145123086000069e+02 2.122516130233996989e+00
1.629227188085999956e+02 2.128834492316021620e+00
1.643508913086000121e+02 2.133979036089617587e+00
1.660777666114499880e+02 2.140040086478160575e+00
1.675246081114499930e+02 2.144988021238783737e+00
1.692701523086000179e+02 2.150807222517226780e+00
1.707356623086000127e+02 2.155569989516152418e+00
1.724998753085999965e+02 2.161161821125306748e+00
1.739840548086000069e+02 2.165749867464429101e+00
1.756839410585999985e+02 2.170879860897654723e+00
1.772697848085999794e+02 2.175549377737707069e+00
1.787913023085999953e+02 2.179927374847361321e+00
1.805928533085999845e+02 2.184986631395926970e+00
1.821330393085999901e+02 2.189207342437286652e+00
1.839532593086000247e+02 2.194075669692145958e+00
1.855121143085999904e+02 2.198144078526800271e+00
1.873510028085999863e+02 2.202827644001909668e+00
1.889285263085999986e+02 2.206747821241476171e+00
1.907860843085999818e+02 2.211251864272646639e+00
1.923822773086000097e+02 2.215027395584157510e+00
1.942585038086000111e+02 2.219356940333507833e+00
1.958733658085999991e+02 2.222991668700064594e+00
1.976385935586000073e+02 2.226870957480494351e+00
1.994017918086000236e+02 2.230650564736885055e+00
2.010539913086000183e+02 2.234108349576743535e+00
2.029675558085999967e+02 2.238015276880307436e+00
2.046384243085999799e+02 2.241343044904610338e+00
2.065706578086000036e+02 2.245097920009501813e+00
2.082601953086000037e+02 2.248301291007024361e+00
2.102110976114500147e+02 2.251911201320173195e+00
2.119193041114500033e+02 2.254995855944231131e+00
2.138888753086000065e+02 2.258467729662273715e+00
2.156157503086000133e+02 2.261439245821962540e+00
2.176039903085999754e+02 2.264779885843658302e+00
2.193495343085999991e+02 2.267643631546049310e+00
2.213564436114500040e+02 2.270859461177628269e+00
2.231206571114499866e+02 2.273620599317827562e+00
2.249698950585999739e+02 2.276451158421421539e+00
2.269291171114499832e+02 2.279381472637784789e+00
2.287306681114499725e+02 2.282015655057346049e+00
2.307749151114499853e+02 2.284937582678152168e+00
2.325951346114500211e+02 2.287480974277411594e+00
2.346580503085999965e+02 2.290299772391386934e+00
2.364969393086000196e+02 2.292757052436598997e+00
2.385785241114500366e+02 2.295478123067979936e+00
2.404360816114499926e+02 2.297853561781049159e+00
2.425363353085999734e+02 2.300481550137387199e+00
2.444125623086000019e+02 2.302778630732510212e+00
2.465314848086000268e+02 2.305317243419706674e+00
2.484263803086000166e+02 2.307538615664701531e+00
2.505639718086000300e+02 2.309990571473034660e+00
2.524775363086000368e+02 2.312137937905884399e+00
2.546337968086000103e+02 2.314505006496719197e+00
2.565660298086000353e+02 2.316579581264589738e+00
2.585739535586000670e+02 2.318689710140920290e+00
2.606918618086000379e+02 2.320865860940927838e+00
2.626614333086000102e+02 2.322844809993346527e+00
2.648550316114500447e+02 2.324999278338694353e+00
2.668432716114500067e+02 2.326907827989010524e+00
2.690555388085999198e+02 2.328983364822619695e+00
2.710624478085999840e+02 2.330823441549268349e+00
2.732933841114499955e+02 2.332822652013690767e+00
2.753189621114499914e+02 2.334596737982418624e+00
2.775685671114500224e+02 2.336522816549516435e+00
2.796128141114500067e+02 2.338233846143524364e+00
2.818810881114499693e+02 2.340090308072630965e+00
2.839440041114499991e+02 2.341741397501782895e+00
2.862309468085999811e+02 2.343531849612362272e+00
2.883125313086000006e+02 2.345126124042085092e+00
2.906181433085999402e+02 2.346854094224336773e+00
2.927183973085999469e+02 2.348394551578484535e+00
2.950426781114500159e+02 2.350063388906263651e+00
2.971616006114500124e+02 2.351552892138726758e+00
2.994588925585999846e+02 2.353134715514117570e+00
3.037527445585999999e+02 2.356004321522649825e+00
3.061600208085999952e+02 2.357564626749127701e+00
3.083349503086000141e+02 2.358946077918294915e+00
3.107152378085999658e+02 2.360428487342110859e+00
3.129088358085999744e+02 2.361768177254440104e+00
3.153077923086000283e+02 2.363205360157480950e+00
3.175200598086000241e+02 2.364505567237548345e+00
3.199376853086000096e+02 2.365899836187140171e+00
3.221686213085999952e+02 2.367162340541452359e+00
3.246049153085999706e+02 2.368515355508730824e+00
3.268545203086000015e+02 2.369741297092257781e+00
3.293094838085999640e+02 2.371054024868020971e+00
3.315777578085999835e+02 2.372243922159670948e+00
3.340513898085999926e+02 2.373516713451791826e+00
3.363383328086000006e+02 2.374670626857242173e+00
3.388306338085999982e+02 2.375903487172632556e+00
3.411362458085999947e+02 2.377021299816532984e+00
3.436472158085999808e+02 2.378214187972834459e+00
3.459714963085999671e+02 2.379295880000038110e+00
3.485011353085999986e+02 2.380449000577546048e+00
3.508440853086000288e+02 2.381494913451022821e+00
3.533923931114500760e+02 2.382608940878116144e+00
3.557540116114500393e+02 2.383619874882652478e+00
3.581913205586000686e+02 2.384642144721346391e+00
3.607012758085999735e+02 2.385673123800667650e+00
3.631002323086000274e+02 2.386638450974481351e+00
3.656858778085999688e+02 2.387657673119916613e+00
3.681035028085999556e+02 2.388591307779361461e+00
3.707078176114499684e+02 2.389576848825812672e+00
3.731441121114499992e+02 2.390480397943137714e+00
3.757670956114499745e+02 2.391434001009345778e+00
3.782220586114499952e+02 2.392309029751049199e+00
3.808637108085999898e+02 2.393232387902363367e+00
3.833373433085999977e+02 2.394080408917414804e+00
3.859976648086000068e+02 2.394975158929424808e+00
3.884899658086000613e+02 2.395797673405295036e+00
3.911689561114499725e+02 2.396665485412529772e+00
3.936799261114500155e+02 2.397464023097650276e+00
3.963775853086000325e+02 2.398306549967002876e+00
3.989072238086000084e+02 2.399082604500068161e+00
4.016235518085999843e+02 2.399901427362133521e+00
4.041718598085999474e+02 2.400656374413305372e+00
4.069068568085999686e+02 2.401452868899411452e+00
4.094738338085999771e+02 2.402187826478268562e+00
4.122274998086000437e+02 2.402963026677063407e+00
4.148131453085999851e+02 2.403678739701081035e+00
4.175854803086000402e+02 2.404433242138184212e+00
4.201897948085999701e+02 2.405130028510115370e+00
4.229807986114499840e+02 2.405863984616652296e+00
4.256037821114499593e+02 2.406541782402191298e+00
4.284134548085999654e+02 2.407255023225574053e+00
4.310551073085999860e+02 2.407913586955190421e+00
4.338004535585999975e+02 2.408585734199369721e+00
4.365437703086000170e+02 2.409244967182450292e+00
4.392227603086000158e+02 2.409876880450596559e+00
4.420697711114499953e+02 2.410535721351340754e+00
4.447674306114500382e+02 2.411148118591752709e+00
4.476331101114499802e+02 2.411786245647899118e+00
4.503494381114500129e+02 2.412379561518571247e+00
4.532337863086000311e+02 2.412997590020778738e+00
4.559687833086001092e+02 2.413572504826293486e+00
4.588718008085999713e+02 2.414171274592510574e+00
4.616254668085999242e+02 2.414728637904124842e+00
4.645471531114500294e+02 2.415309105576508131e+00
4.673194881114500276e+02 2.415849820950864757e+00
4.702598433086000114e+02 2.416412947583147730e+00
4.730508468085999993e+02 2.416937898067716528e+00
4.760098708085999988e+02 2.417484612482031281e+00
4.788195438085999740e+02 2.417994629655510597e+00
4.817972368085999619e+02 2.418525797991458948e+00
4.846255783086000406e+02 2.419021696236019370e+00
4.876219403085999602e+02 2.419538213914953939e+00
4.904689508085999705e+02 2.420020826600882469e+00
4.934839816114500763e+02 2.420523572088313813e+00
4.963496611114500752e+02 2.420993711764112266e+00
4.993833608085999458e+02 2.421483541749174684e+00
5.022677093085999331e+02 2.421941990315350957e+00
5.053200781114499591e+02 2.422419680363259165e+00
5.082230956114499918e+02 2.422867061619836004e+00
5.112941333086000100e+02 2.423333157861134790e+00
5.142158193085999756e+02 2.423769874556576109e+00
5.173055258086000094e+02 2.424224674857470507e+00
5.202458808085999635e+02 2.424650836248162467e+00
5.233542563086000428e+02 2.425094320095477318e+00
5.263132808085999841e+02 2.425509800162583218e+00
5.294403251114499653e+02 2.425941780329491149e+00
5.324180181114500101e+02 2.426346357323890146e+00
5.355637313086000404e+02 2.426766575273598736e+00
5.385600928085999612e+02 2.427159957188357087e+00
5.416321450586000310e+02 2.427556347266746073e+00
5.447395063086000846e+02 2.427950201099094318e+00
5.477732063085999243e+02 2.428327932726358274e+00
5.509562573085999020e+02 2.428717162801720786e+00
5.540086258085999589e+02 2.429083718008139048e+00
5.572103458085999819e+02 2.429461325449459252e+00
5.602813833086000841e+02 2.429817064472310495e+00
5.635017723085999251e+02 2.430183515103490954e+00
5.665914793086000145e+02 2.430528938731995936e+00
5.698305373086001282e+02 2.430884803595398491e+00
5.729389123086000382e+02 2.431220467461136181e+00
5.761966393086000835e+02 2.431566328459561888e+00
5.793236838085998670e+02 2.431892784774606575e+00
5.826000793085999021e+02 2.432229226281682699e+00
5.857457928086000720e+02 2.432547013734136510e+00
5.890408578085999807e+02 2.432874581241519785e+00
5.922052398086000267e+02 2.433184210821437432e+00
5.955189733086000388e+02 2.433503447444595569e+00
5.987020248085999583e+02 2.433805426219623147e+00
6.020344273085999021e+02 2.434116854948905395e+00
6.052361473085999251e+02 2.434411677948325803e+00
6.085872188086000278e+02 2.434715814565714176e+00
6.118076078085999825e+02 2.435003946093579064e+00
6.151773481114498736e+02 2.435301230872780831e+00
6.184164061114501010e+02 2.435583030514940184e+00
6.218048153085999274e+02 2.435873769774282493e+00
6.250625418086000309e+02 2.436149450494007329e+00
6.284696203086000423e+02 2.436433782090743794e+00
6.317460163086000193e+02 2.436703385044109105e+00
6.351717633086000205e+02 2.436981271940359850e+00
6.384668278086001010e+02 2.437244688159462491e+00
6.419112438086000338e+02 2.437515961464086445e+00
6.452249778085999878e+02 2.437772977240098893e+00
6.486880628086000797e+02 2.438037400612721228e+00
6.520204653086000235e+02 2.438287804111044288e+00
6.555022193085999334e+02 2.438545198708099715e+00
6.588532903085999806e+02 2.438788855370408015e+00
6.623537131114500198e+02 2.439039141184341730e+00
6.657234536114499406e+02 2.439276039827967146e+00
6.692425453086000289e+02 2.439519282304682957e+00
6.726309548085999950e+02 2.439749550800926592e+00
6.761687153085999853e+02 2.439985955972098441e+00
6.795757933086000548e+02 2.440209855266858519e+00
6.831322231114501164e+02 2.440439743526134908e+00
6.865579706114499459e+02 2.440657597966462866e+00
6.901330691114500269e+02 2.440881319875400912e+00
6.935774851114499597e+02 2.441093465359580605e+00
6.971069260585999245e+02 2.441307505751227680e+00
7.006343376114500643e+02 2.441518158079586165e+00
7.041160911114499186e+02 2.441722982249602047e+00
7.077285273085999506e+02 2.441932346867075942e+00
7.112289503086000195e+02 2.442132260619087614e+00
7.148600558086000092e+02 2.442336673169619221e+00
7.183791478086000097e+02 2.442531997473376126e+00
7.220289218085998755e+02 2.442731793074667479e+00
7.255666823085999795e+02 2.442922841873576889e+00
7.292351253086000042e+02 2.443118327888673225e+00
7.327915548086000399e+02 2.443305366073165175e+00
7.364786671114500223e+02 2.443496776261735892e+00
7.400537656114499896e+02 2.443679992142977042e+00
7.437595466114499914e+02 2.443867487643933689e+00
7.473533141114501177e+02 2.444046994008769236e+00
7.510777638086000252e+02 2.444230640586011027e+00
7.546902003085998558e+02 2.444406441784687800e+00
7.584333193086000620e+02 2.444586183838976190e+00
7.620644243085999960e+02 2.444758177443003611e+00
7.658262118085999646e+02 2.444933880033625773e+00
7.694759863085999996e+02 2.445101922471363043e+00
7.732564431114500394e+02 2.445273444365994031e+00
7.769248861114499505e+02 2.445437409901624282e+00
7.807240118086000393e+02 2.445604642270028606e+00
7.844111238085999958e+02 2.445764439060222895e+00
7.882289183085999866e+02 2.445927315346435371e+00
7.919346993085999884e+02 2.446082930790460352e+00
7.957711626114499950e+02 2.446241498302431872e+00
7.994956126114499284e+02 2.446393007201020264e+00
8.033507448085999840e+02 2.446547369726047361e+00
8.070938633086000209e+02 2.446694912822069412e+00
8.109676648085999204e+02 2.446845257972580345e+00
8.147294528086000582e+02 2.446989033242555234e+00
8.186219228085999475e+02 2.447135574180145934e+00
8.224023793086000751e+02 2.447275798495033960e+00
8.263135183086000097e+02 2.447418772886049698e+00
8.301126438085999553e+02 2.447555683628547918e+00
8.340424521114500749e+02 2.447695330504892741e+00
8.378602466114500658e+02 2.447829128829198009e+00
8.418087233085999515e+02 2.447965637227714097e+00
8.456451868085999877e+02 2.448096515920077820e+00
8.496123328085999447e+02 2.448230100047946944e+00
8.534674653086000262e+02 2.448358265889413854e+00
8.574532801114499989e+02 2.448489130216063625e+00
8.613270811114500702e+02 2.448614763950745399e+00
8.653315648085999783e+02 2.448743067398977402e+00
8.692240353085999232e+02 2.448866284169395335e+00
8.732471878086000743e+02 2.448992119746568719e+00
8.771583268086000089e+02 2.449113003429797875e+00
8.812001486114500040e+02 2.449236436902880065e+00
8.851299566114500976e+02 2.449355002605121623e+00
8.891904471114501121e+02 2.449476006472177225e+00
8.931389241114500237e+02 2.449592198651910913e+00
8.972180833086000575e+02 2.449710701450086514e+00
9.011852293086000145e+02 2.449824445887287983e+00
9.052830578086001196e+02 2.449940367628622440e+00
9.092688723085998390e+02 2.450051578973303723e+00
9.133853693085999339e+02 2.450164830562355345e+00
9.173898533085998679e+02 2.450273425136132666e+00
9.215250198086000637e+02 2.450383948192139894e+00
9.255481723085999874e+02 2.450489917407544294e+00
9.297020073085999456e+02 2.450597730816714837e+00
9.337438288085999147e+02 2.450701092474401932e+00
9.378613405585999772e+02 2.450804851573695764e+00
9.419768233085999327e+02 2.450907035889252850e+00
9.460559828085999925e+02 2.451006855226963932e+00
9.502471558086001551e+02 2.451107941387747680e+00
9.543449838085999772e+02 2.451205369343084861e+00
9.585548256114499281e+02 2.451304054326457038e+00
9.626713231114500786e+02 2.451399221259429773e+00
9.668998338085999649e+02 2.451495660570598201e+00
9.710349998085998777e+02 2.451588717509767257e+00
9.752821796114499193e+02 2.451683047410388117e+00
9.794360146114499912e+02 2.451774126266399456e+00
9.837018631114500522e+02 2.451866496016280372e+00
9.878743676114499976e+02 2.451955730940035938e+00
9.921588853086000199e+02 2.452046248621228219e+00
9.963500578086000132e+02 2.452133740096532399e+00
1.000653244308600051e+03 2.452222522446955821e+00
1.004863086308600032e+03 2.452308371228864026e+00
1.009184941611449858e+03 2.452395489553145236e+00
1.013413452611450111e+03 2.452479752993771189e+00
1.017753976308600159e+03 2.452565268070268534e+00
1.022001155808599947e+03 2.452647990746338547e+00
1.026360347611449924e+03 2.452731919830351881e+00
1.030626196111450099e+03 2.452813091265440448e+00
1.035004059308600063e+03 2.452895404032289672e+00
1.039288576808599828e+03 2.452974994199362158e+00
1.043685106808600040e+03 2.453055671175631502e+00
1.047988293308599850e+03 2.453133656591476974e+00
1.052403493308600218e+03 2.453212658147437608e+00
1.056725348808600074e+03 2.453288983671770396e+00
1.061159218808599917e+03 2.453366247855696347e+00
1.065499741308600051e+03 2.453440872594925271e+00
1.069952278111450141e+03 2.453516389668522368e+00
1.074311473111450141e+03 2.453589317044704732e+00
1.078782681308600104e+03 2.453663095382578874e+00
1.083160541308600159e+03 2.453734345009807694e+00
1.087650416308600143e+03 2.453806421255460002e+00
1.092046948156500093e+03 2.453876041582883971e+00
1.096555493156499779e+03 2.453946477798438774e+00
1.100970693156499919e+03 2.454014542523944353e+00
1.105497908156499989e+03 2.454083422729742558e+00
1.109931776308600092e+03 2.454150010657821568e+00
1.114477656308599990e+03 2.454217411680251537e+00
1.118930196308599989e+03 2.454282602066359509e+00
1.123494748111450008e+03 2.454348610658770191e+00
1.127965953111450062e+03 2.454412487580344138e+00
1.132549173111450045e+03 2.454477186707281433e+00
1.137039048111450029e+03 2.454539824800468839e+00
1.141640938111449941e+03 2.454603289021762613e+00
1.146149483111449854e+03 2.454664771506618326e+00
1.150770041308600184e+03 2.454727085622800065e+00
1.155297256308600026e+03 2.454787464216675819e+00
1.159936483111449888e+03 2.454848656755129088e+00
1.164482364959349979e+03 2.454907968583538658e+00
1.169140259959349805e+03 2.454968086494230484e+00
1.173704813111449994e+03 2.455026362213312385e+00
1.178381378111450204e+03 2.455085416440202728e+00
1.182964598111450186e+03 2.455142653045462087e+00
1.187659833111450098e+03 2.455200631406320166e+00
1.192261723111450010e+03 2.455256809801685147e+00
1.196975626308600113e+03 2.455313687328440686e+00
1.201596181308600080e+03 2.455368778539492425e+00
1.206328751308599976e+03 2.455424527008490454e+00
1.210967981308599747e+03 2.455478510130963521e+00
1.215719223111449992e+03 2.455533114490920266e+00
1.220377118111450045e+03 2.455585977522094510e+00
1.225147026308600061e+03 2.455639428730067131e+00
1.229823591308600044e+03 2.455691165885337313e+00
1.234612171308599955e+03 2.455743461613268508e+00
1.239307406308599866e+03 2.455794073791130128e+00
1.244114653111449798e+03 2.455845227010326148e+00
1.248828553111449992e+03 2.455894748103909730e+00
1.253654468111450115e+03 2.455944806889434062e+00
1.258387039959349977e+03 2.455993284426721157e+00
1.263231628156499937e+03 2.456042298115626021e+00
1.267982871308600124e+03 2.456089783257254577e+00
1.272846123111449742e+03 2.456137802517871727e+00
1.277616029959349817e+03 2.456184336924429168e+00
1.282497953156499989e+03 2.456231403169796490e+00
1.287286531308599933e+03 2.456277034420652594e+00
1.292187123111450092e+03 2.456323199612732822e+00
1.296994373111449931e+03 2.456367975296088968e+00
1.301913636308599962e+03 2.456413282601177084e+00
1.306739551308600085e+03 2.456457237558908435e+00
1.311677478111450000e+03 2.456501724014203969e+00
1.316522063111450052e+03 2.456544904902160376e+00
1.321478663111450260e+03 2.456588614970991458e+00
1.326341918111450013e+03 2.456631046681439390e+00
1.331317186308599958e+03 2.456673998384575786e+00
1.341099701308600061e+03 2.456757139938462231e+00
1.346093636308600026e+03 2.456798915565930219e+00
1.351012896308599920e+03 2.456839629374842016e+00
1.356025503111450007e+03 2.456880670399317790e+00
1.360963433111450058e+03 2.456920664655730224e+00
1.365994706308599916e+03 2.456960974834389244e+00
1.370951306308599897e+03 2.457000251456118445e+00
1.376001251308599876e+03 2.457039821823342240e+00
1.380976516308600139e+03 2.457078357900790877e+00
1.386045128111450140e+03 2.457117150824915441e+00
1.391039064959349844e+03 2.457154923100742572e+00
1.396126344959350035e+03 2.457192954028640575e+00
1.401138953111450292e+03 2.457229989719870389e+00
1.406244903111449958e+03 2.457267274734032281e+00
1.411276174959349873e+03 2.457303588997346022e+00
1.416400794959349923e+03 2.457340152533521227e+00
1.421450738111450164e+03 2.457375771217488847e+00
1.426594026308600178e+03 2.457411635818028461e+00
1.431662641308599859e+03 2.457446580725384688e+00
1.436824598111449859e+03 2.457481770906025265e+00
1.441911878111450051e+03 2.457516066674588551e+00
1.447092503111449787e+03 2.457550606971127038e+00
1.452198453111449908e+03 2.457584276464589212e+00
1.457397748111450028e+03 2.457618186991259890e+00
1.462522368111449850e+03 2.457651242096273947e+00
1.467740331308599934e+03 2.457684526611790599e+00
1.472883616308600040e+03 2.457716975165512796e+00
1.478120251308600018e+03 2.457749653528379152e+00
1.483282211308600154e+03 2.457781515508477455e+00
1.488537511308599960e+03 2.457813602432144418e+00
1.493718136308599924e+03 2.457844895361273263e+00
1.498992106308599887e+03 2.457876415423170702e+00
1.504191401308599779e+03 2.457907161025902454e+00
1.509484041308600126e+03 2.457938129568181473e+00
1.514702003156500268e+03 2.457968342223624703e+00
1.520013309959349954e+03 2.457998774695791866e+00
1.525249943111449966e+03 2.458028463238231875e+00
1.530579921308599978e+03 2.458058360517384688e+00
1.535835221308599785e+03 2.458087526024261837e+00
1.541183866308600045e+03 2.458116893876062914e+00
1.546457836308600008e+03 2.458145542777376846e+00
1.551825151308599743e+03 2.458174382142268577e+00
1.557117791308600090e+03 2.458202499130188290e+00
1.562503776308599981e+03 2.458230785009549280e+00
1.567815086308600030e+03 2.458258370746660315e+00
1.573219738111449942e+03 2.458286136608074379e+00
1.578549713111449819e+03 2.458313216974547633e+00
1.583973036308599831e+03 2.458340467956411146e+00
1.589321683156500058e+03 2.458367053577784400e+00
1.594763673156500317e+03 2.458393816488804617e+00
1.600130988156500052e+03 2.458419935019038327e+00
1.605591648156500014e+03 2.458446233118126045e+00
1.610977631308599939e+03 2.458471908474271217e+00
1.616456961308600057e+03 2.458497766129207562e+00
1.621861616308599878e+03 2.458523012775264416e+00
1.627359611308599824e+03 2.458548434380991132e+00
1.632782931308599927e+03 2.458573257139754276e+00
1.638299598111449995e+03 2.458598250429533394e+00
1.643741588111450028e+03 2.458622650561260947e+00
1.649276923111450287e+03 2.458647210551160978e+00
1.654737583111450022e+03 2.458671187523874924e+00
1.660291588111449983e+03 2.458695321479986262e+00
1.665770918111449873e+03 2.458718883826219059e+00
1.671343591308600026e+03 2.458742600307884718e+00
1.676841588156499938e+03 2.458765760049748117e+00
1.682432929959349849e+03 2.458789073869406927e+00
1.687949598111449859e+03 2.458811842191038544e+00
1.693559608111450189e+03 2.458834762746921587e+00
1.699094943111449993e+03 2.458857155629591951e+00
1.704723623111450024e+03 2.458879703562301788e+00
1.710277628111449985e+03 2.458901733115188559e+00
1.715924978111449946e+03 2.458923910549416281e+00
1.721497648111449962e+03 2.458945575612907497e+00
1.727163666308600114e+03 2.458967379975991463e+00
1.732755011308600160e+03 2.458988675377331123e+00
1.738439696308599878e+03 2.459010100936941168e+00
1.744049706308600207e+03 2.459031023523338355e+00
1.749753063111450047e+03 2.459052071402852313e+00
1.755381743111450078e+03 2.459072627269446087e+00
1.761103766308599688e+03 2.459093307060926215e+00
1.766751116308600103e+03 2.459113504558615659e+00
1.772491811308600290e+03 2.459133821955151067e+00
1.778157826308599851e+03 2.459153666231284507e+00
1.783917188111449832e+03 2.459173632302865009e+00
1.789601874959349971e+03 2.459193145279074955e+00
1.795379908156500051e+03 2.459212785042427463e+00
1.801083266308600059e+03 2.459231981542626677e+00
1.806879966308599933e+03 2.459251301299080872e+00
1.812601988156500056e+03 2.459270184564546824e+00
1.818417354959350178e+03 2.459289183420249714e+00
1.824158048111449943e+03 2.459307746131637273e+00
1.829992086308599710e+03 2.459326418970349870e+00
1.835751451308600053e+03 2.459344669320588483e+00
1.841604158111449806e+03 2.459363030604628797e+00
1.847382188111450205e+03 2.459380975256505675e+00
1.853253566308600057e+03 2.459399022775744292e+00
1.859050266308599930e+03 2.459416653769655348e+00
1.864940311308600258e+03 2.459434381126130997e+00
1.870755681308600060e+03 2.459451702536067152e+00
1.876664393111450181e+03 2.459469120815187093e+00
1.882498429959349778e+03 2.459486142216564364e+00
1.888425813156499771e+03 2.459503261401114305e+00
1.894278521308599920e+03 2.459519998007675845e+00
1.900224571308600162e+03 2.459536835858167514e+00
1.906095946308600105e+03 2.459553301856163277e+00
1.912060668111449786e+03 2.459569866549607742e+00
1.917950713111450114e+03 2.459586061908979104e+00
1.923934101308600020e+03 2.459602354661857948e+00
1.929842816308599822e+03 2.459618293234559605e+00
1.935844876308599851e+03 2.459634332864157003e+00
1.941772256308599935e+03 2.459650025648507654e+00
1.947792983111449985e+03 2.459665816049453557e+00
1.953739038111450100e+03 2.459681262788474765e+00
1.959778433111449885e+03 2.459696802531404991e+00
1.965743153111450056e+03 2.459712003216047993e+00
1.971801218111449998e+03 2.459727300206536071e+00
1.977784604959349963e+03 2.459742276958956975e+00
1.983861339959350289e+03 2.459757352614656778e+00
1.989863398111450124e+03 2.459772107851980749e+00
1.995958801308599959e+03 2.459786957777140515e+00
2.001979531308600144e+03 2.459801495434491780e+00
2.008093603111450193e+03 2.459816124203969334e+00
2.014132998111449979e+03 2.459830439406701874e+00
2.020265738111449991e+03 2.459844845473206920e+00
2.026323803111449934e+03 2.459858954389652297e+00
2.032475213111449875e+03 2.459873150083412341e+00
2.038551948111449974e+03 2.459887036784157210e+00
2.044722026308599652e+03 2.459901003404091568e+00
2.050817426308599806e+03 2.459914675022528030e+00
2.057006176308600061e+03 2.459928424425662730e+00
2.063120251308600018e+03 2.459941873979201166e+00
2.069310013058599907e+03 2.459955348199590386e+00
2.081594163058599406e+03 2.459981673984511730e+00
2.087837901308600067e+03 2.459994855688189208e+00
2.094007978156500030e+03 2.460007755518311079e+00
2.100252733156500199e+03 2.460020680247663627e+00
2.106441481308600032e+03 2.460033358872442122e+00
2.112704903111449767e+03 2.460046058779267408e+00
2.118912318111450077e+03 2.460058519427113399e+00
2.125194411308599683e+03 2.460071007625985740e+00
2.131420498156499889e+03 2.460083264170446871e+00
2.137721258156499971e+03 2.460095547257650228e+00
2.143966011308600173e+03 2.460107607431522680e+00
2.150285441308599729e+03 2.460119701987155683e+00
2.156548866308600282e+03 2.460131577101002165e+00
2.162886966308599767e+03 2.460143477241781618e+00
2.169169056308599920e+03 2.460155160352714532e+00
2.175525823111449881e+03 2.460166873077246130e+00
2.181826588111449837e+03 2.460178378539517041e+00
2.188202026308599670e+03 2.460189919149116999e+00
2.194521456308600136e+03 2.460201258788083489e+00
2.200915561308599990e+03 2.460212632262658961e+00
2.207253658156500023e+03 2.460223806833157667e+00
2.213666433156500261e+03 2.460235013043030605e+00
2.220023201308600164e+03 2.460246024799006115e+00
2.226454646308599422e+03 2.460257070536428614e+00
2.232830081308600256e+03 2.460267925720549975e+00
2.239280191308599569e+03 2.460278812493630340e+00
2.245674298156499844e+03 2.460289508430085537e+00
2.252143079959349961e+03 2.460300230913624819e+00
2.258555853111449778e+03 2.460310765983396042e+00
2.265043303111449859e+03 2.460321331276381862e+00
2.271474748111450026e+03 2.460331717451187394e+00
2.277980868111450036e+03 2.460342137199457824e+00
2.284430983111449677e+03 2.460352374492595917e+00
2.290955771308599651e+03 2.460362632004856831e+00
2.297424551308599803e+03 2.460372708502971850e+00
2.303968008111449763e+03 2.460382811069027564e+00
2.310455458111449843e+03 2.460392738574055382e+00
2.317017586308599675e+03 2.460402691407478137e+00
2.323523706308599685e+03 2.460412470255223916e+00
2.330104501308600447e+03 2.460422270499308617e+00
2.336629288156500024e+03 2.460431896936672302e+00
2.343228749959349898e+03 2.460441543160811317e+00
2.349772208111449800e+03 2.460451022946785304e+00
2.356390341308599545e+03 2.460460529093219773e+00
2.362952466308599924e+03 2.460469872875950426e+00
2.369589268111450110e+03 2.460479239310625399e+00
2.376170063111450418e+03 2.460488442445762924e+00
2.382825533111449658e+03 2.460497665391874200e+00
2.389424998111449895e+03 2.460506732794989659e+00
2.396099138111449975e+03 2.460515828647025671e+00
2.402717268111449812e+03 2.460524775404332232e+00
2.409410076308599855e+03 2.460533749121628144e+00
2.416046881308600405e+03 2.460542570468355894e+00
2.422758358111449979e+03 2.460551410907735104e+00
2.429413828111450130e+03 2.460560100847439813e+00
2.436143976308600031e+03 2.460568811757472218e+00
2.442818116308600111e+03 2.460577371424322202e+00
2.449566931308600033e+03 2.460585947297091902e+00
2.456259736308599713e+03 2.460594379926334785e+00
2.463027221308600019e+03 2.460602836257274717e+00
2.469738701308599957e+03 2.460611145404481448e+00
2.476524851308599864e+03 2.460619465377420489e+00
2.483254996308599857e+03 2.460627640251955572e+00
2.490059821308600021e+03 2.460635831333045420e+00
2.496808636308599944e+03 2.460643880815534867e+00
2.503632126308600164e+03 2.460651943916386752e+00
2.510399611308600470e+03 2.460659864978942402e+00
2.517241771308599709e+03 2.460667795742023323e+00
2.524027926308599945e+03 2.460675584111370551e+00
2.530888753111450114e+03 2.460683381181069773e+00
2.537693573111449950e+03 2.460691041821985170e+00
2.544573071308599992e+03 2.460698717702546112e+00
2.551396561308599757e+03 2.460706269372592292e+00
2.558294728111450240e+03 2.460713843773178588e+00
2.565136888111449480e+03 2.460721292796456350e+00
2.572053723111449926e+03 2.460728757121433130e+00
2.578914553111450005e+03 2.460736098442847464e+00
2.585850058111450380e+03 2.460743458114080795e+00
2.592729554959350025e+03 2.460750697504438644e+00
2.599683728156500365e+03 2.460757955909697259e+00
2.606581896308599880e+03 2.460765101105633956e+00
2.613554738111450206e+03 2.460772269820193259e+00
2.620471573111449743e+03 2.460779324869924789e+00
2.627463086308599941e+03 2.460786396807240539e+00
2.634398591308599862e+03 2.460793351358673942e+00
2.641408771308600080e+03 2.460800322080505254e+00
2.648362941308600057e+03 2.460807187137760366e+00
2.655391788111449841e+03 2.460814078335459065e+00
2.662364633111449621e+03 2.460820863161301109e+00
2.669412151308599732e+03 2.460827666274156389e+00
2.676403661308600022e+03 2.460834361644249846e+00
2.683469848111450119e+03 2.460841073824144853e+00
2.690480028111449883e+03 2.460847677208296336e+00
2.697564886308600308e+03 2.460854295031314809e+00
2.704593736308600000e+03 2.460860806965738945e+00
2.711697261308599536e+03 2.460867335714982396e+00
2.718744778156500161e+03 2.460873763058528230e+00
2.725866969959349717e+03 2.460880206218622135e+00
2.732933158111450211e+03 2.460886541034770669e+00
2.740074021308599640e+03 2.460892883297833400e+00
2.747158876308599702e+03 2.460899120417479047e+00
2.754318406308600061e+03 2.460905370306706086e+00
2.761421931308600051e+03 2.460911520683579212e+00
2.768600131308599885e+03 2.460917684359633206e+00
2.775722326308600259e+03 2.460923746907934362e+00
2.782919196308600476e+03 2.460929819342210223e+00
2.790060056308599997e+03 2.460935792684863177e+00
2.797275596308600143e+03 2.460941777015163368e+00
2.804435128156500014e+03 2.460947664227802534e+00
2.811669333156500215e+03 2.460953563248741371e+00
2.818847536308599501e+03 2.460959369952071540e+00
2.826100413111449598e+03 2.460965188612988630e+00
2.833297279959349908e+03 2.460970909938955842e+00
2.840568824959349968e+03 2.460976637656857591e+00
2.847784363111449693e+03 2.460982271862161674e+00
2.855074576308599717e+03 2.460987913023573892e+00
2.862308783156499885e+03 2.460993455484618231e+00
2.869617668156499803e+03 2.460999001400935082e+00
2.876870546308599842e+03 2.461004458056287092e+00
2.884198096308599816e+03 2.461009926163867156e+00
2.891469641308599876e+03 2.461015307710528788e+00
2.898815861308600233e+03 2.461020700160899466e+00
2.906106073156499860e+03 2.461026008812124743e+00
2.913470963156500147e+03 2.461031329839906245e+00
2.920779846308600099e+03 2.461036569900332260e+00
2.928163406308599860e+03 2.461041823927863081e+00
2.935490958156499801e+03 2.461047000117670080e+00
2.942893184959350037e+03 2.461052188922323580e+00
2.950239408111450302e+03 2.461057295171751313e+00
2.957660306308599957e+03 2.461062409296867592e+00
2.965025193156500336e+03 2.461067442683448903e+00
2.972464758156500011e+03 2.461072484845095332e+00
2.979848316308599806e+03 2.461077446682521597e+00
2.987306548111449956e+03 2.461082417658873478e+00
2.994708778111450101e+03 2.461087313728792747e+00
3.002185681308600124e+03 2.461092223237755672e+00
3.009606576308600324e+03 2.461097061256582563e+00
3.017102151308599787e+03 2.461101911361805339e+00
3.024541716308599916e+03 2.461106686284046052e+00
3.032055956308599889e+03 2.461111471876264112e+00
3.039514191308600402e+03 2.461116188861684595e+00
3.047047101308600304e+03 2.461120920931946010e+00
3.054524006308600292e+03 2.461125585879668343e+00
3.062075583111449760e+03 2.461130266993928561e+00
3.069571153111450258e+03 2.461134885571894859e+00
3.077141401308600052e+03 2.461139518495577327e+00
3.084655641308600025e+03 2.461144079875664303e+00
3.092244558111449805e+03 2.461148647574484816e+00
3.099777468111449707e+03 2.461153143390289344e+00
3.107385056308599815e+03 2.461157647175844509e+00
3.114936636308599645e+03 2.461162083939430811e+00
3.122562888111449865e+03 2.461166529081449283e+00
3.130133134959350173e+03 2.461170903688759903e+00
3.137778058156499810e+03 2.461175284759708148e+00
3.145366976308599988e+03 2.461179600224391084e+00
3.153030571308599974e+03 2.461183923227242332e+00
3.160638156308600173e+03 2.461188177637091634e+00
3.168320416308599761e+03 2.461192437692868218e+00
3.175946671308600344e+03 2.461196633113904575e+00
3.183647601308599860e+03 2.461200835987384927e+00
3.191292523156500010e+03 2.461204974597174022e+00
3.199012123156500365e+03 2.461209118938146645e+00
3.206675716308600386e+03 2.461213197971868105e+00
3.214413983111450307e+03 2.461217282781293481e+00
3.222096243111449894e+03 2.461221306611392823e+00
3.229853181308599687e+03 2.461225335838467920e+00
3.237554111308600568e+03 2.461229299437791340e+00
3.245329716308600382e+03 2.461233265179300300e+00
3.253049316308600282e+03 2.461237167785645497e+00
3.260843591308600026e+03 2.461241076464799171e+00
3.268581861308600310e+03 2.461244929087328170e+00
3.276394806308599982e+03 2.461248790350019089e+00
3.284151741308599867e+03 2.461252594546361028e+00
3.291983351308599595e+03 2.461256406013849318e+00
3.299758956308599863e+03 2.461260161619659659e+00
3.307609238111449940e+03 2.461263921994109705e+00
3.315403513111449683e+03 2.461267621532808647e+00
3.323272466308599633e+03 2.461271325309748459e+00
3.331085411308600214e+03 2.461274975956636801e+00
3.338973028111449821e+03 2.461278633319556874e+00
3.346804643111450332e+03 2.461282234613173525e+00
3.354710931308599811e+03 2.461285840916337619e+00
3.362561211308599923e+03 2.461289394201679137e+00
3.370486171308600206e+03 2.461292954315303483e+00
3.378355121308600246e+03 2.461296463039493787e+00
3.386298746308600130e+03 2.461299981272343729e+00
3.394186366308600100e+03 2.461303454068791918e+00
3.402148661308599458e+03 2.461306935164025766e+00
3.410054951308599811e+03 2.461310362681468078e+00
3.418035916308599553e+03 2.461313792775094100e+00
3.425960871308599963e+03 2.461317169390240256e+00
3.433960503111450180e+03 2.461320552923143445e+00
3.441904128111450063e+03 2.461323893306917920e+00
3.449922431308599698e+03 2.461327240044651532e+00
3.457884726308600420e+03 2.461330531981146930e+00
3.465921696308600076e+03 2.461333824540849591e+00
3.473902661308600273e+03 2.461337066374730487e+00
3.481958301308599857e+03 2.461340313278221892e+00
3.489957936308600438e+03 2.461343515343664468e+00
3.498032243111450498e+03 2.461346728314887322e+00
3.506050543111450224e+03 2.461349903593079702e+00
3.514143521308599702e+03 2.461353077787279631e+00
3.522180491308600267e+03 2.461356183288591737e+00
3.530292138111450186e+03 2.461359285230792171e+00
3.538347778111449770e+03 2.461362350224134854e+00
3.546478093111450107e+03 2.461365427937925787e+00
3.554552403111449621e+03 2.461368467817623529e+00
3.562701388111449887e+03 2.461371518656027657e+00
3.570794364959349878e+03 2.461374531160030799e+00
3.578962018156499198e+03 2.461377552500558341e+00
3.587073666308599968e+03 2.461380532832079471e+00
3.595259988111450184e+03 2.461383518545554150e+00
3.603390303111450521e+03 2.461386460376765672e+00
3.611595296308599700e+03 2.461389405482487192e+00
3.619744281308599966e+03 2.461392306868570135e+00
3.627967941308599620e+03 2.461395211685935891e+00
3.636135591308599942e+03 2.461398074406007552e+00
3.644377918111450072e+03 2.461400945212321556e+00
3.660769233111449921e+03 2.461406611054502758e+00
3.677226903058600328e+03 2.461412224739975674e+00
3.685533558111450020e+03 2.461415020446094726e+00
3.693775888111450058e+03 2.461417768795358008e+00
3.702074223111450010e+03 2.461420513560578893e+00
3.710335219959350525e+03 2.461423227599002228e+00
3.718652224959350406e+03 2.461425945328049369e+00
3.726931893111449881e+03 2.461428636201701714e+00
3.735267566308599726e+03 2.461431330361037340e+00
3.743565901308599678e+03 2.461433992425821948e+00
3.751920246308599417e+03 2.461436647264842570e+00
3.760237251308599298e+03 2.461439267562464561e+00
3.768610261308600002e+03 2.461441885015643205e+00
3.776945933156499905e+03 2.461444469758614861e+00
3.785337613156500538e+03 2.461447050222405952e+00
3.793691956308600311e+03 2.461449600697409590e+00
3.802102306308600419e+03 2.461452152596986132e+00
3.810475316308600213e+03 2.461454677978084149e+00
3.818904333111450342e+03 2.461457205041902796e+00
3.827296014959350032e+03 2.461459700966177611e+00
3.835743703156500032e+03 2.461462189063588824e+00
3.844154051308600174e+03 2.461464643722421464e+00
3.852620406308600650e+03 2.461467094293935620e+00
3.861049426308600687e+03 2.461469518052089800e+00
3.869534451308600183e+03 2.461471946078924944e+00
3.877982136308599820e+03 2.461474354221159455e+00
3.886485831308599700e+03 2.461476770894348132e+00
3.894952188156499687e+03 2.461479162971774937e+00
3.903474549959350043e+03 2.461481550807932184e+00
3.911959574959349538e+03 2.461483908983753910e+00
3.920500608156500221e+03 2.461486263808832842e+00
3.929004301308599679e+03 2.461488586999390993e+00
3.937564001308599927e+03 2.461490902500116373e+00
3.946086366308599736e+03 2.461493192218175086e+00
3.954664736308600368e+03 2.461495487508907676e+00
3.963205766308599323e+03 2.461497761343676594e+00
3.971802803111450430e+03 2.461500035995731750e+00
3.980362503111449769e+03 2.461502280796656006e+00
3.988978211308600748e+03 2.461504515460375409e+00
3.997556581308600471e+03 2.461506719775767404e+00
4.006190956308599652e+03 2.461508921412145945e+00
4.014787996308599304e+03 2.461511098087129312e+00
4.023441043111449744e+03 2.461513275303018222e+00
4.032056748111449451e+03 2.461515432881565602e+00
4.040728461308600345e+03 2.461517596459209312e+00
4.049362841308599400e+03 2.461519738477252695e+00
4.058053226308599733e+03 2.461521878105890071e+00
4.066706271308599753e+03 2.461523990915303717e+00
4.075415321308599687e+03 2.461526098667752738e+00
4.084087033156500183e+03 2.461528179708720288e+00
4.092814754959349557e+03 2.461530257667650545e+00
4.101505138111449924e+03 2.461532313254821691e+00
4.110251528111449261e+03 2.461534370718812870e+00
4.118960579959350071e+03 2.461536406436012125e+00
4.127725638156499372e+03 2.461538441291589496e+00
4.136453361308600506e+03 2.461540455586410658e+00
4.145237088111449339e+03 2.461542471706352320e+00
4.153983478111450495e+03 2.461544464102417340e+00
4.162785876308599654e+03 2.461546451143010295e+00
4.171550933156499923e+03 2.461548414353669667e+00
4.180371998156500922e+03 2.461550376502354975e+00
4.189155726308600606e+03 2.461552315611399422e+00
4.197995461308600170e+03 2.461554251592611653e+00
4.206797856308599876e+03 2.461556165589231515e+00
4.215656258111449461e+03 2.461558079329182469e+00
4.224477323111450460e+03 2.461559973171955740e+00
4.233354396308600371e+03 2.461561866965281453e+00
4.242194131308599935e+03 2.461563737776146787e+00
4.251089871308598958e+03 2.461565603935808699e+00
4.259948276308599816e+03 2.461567450757807585e+00
4.268862688111450552e+03 2.461569301413659261e+00
4.277739759959349612e+03 2.461571135458860748e+00
4.286672838156499893e+03 2.461572971207121707e+00
4.295568581308599278e+03 2.461574788832616267e+00
4.304520331308599452e+03 2.461576606335342365e+00
4.313434741308599769e+03 2.461578402354550388e+00
4.322405156308599544e+03 2.461580194048895720e+00
4.331338233156499882e+03 2.461581963740154144e+00
4.340327318156500041e+03 2.461583731256275609e+00
4.349279066308600704e+03 2.461585480619429500e+00
4.358286821308600338e+03 2.461587231541013221e+00
4.367257238156500534e+03 2.461588964518070632e+00
4.376283663156499642e+03 2.461590696655235444e+00
4.385272751308600164e+03 2.461592410643144824e+00
4.394317843111450202e+03 2.461594123509341259e+00
4.403325594959350383e+03 2.461595812727071841e+00
4.412389358156500748e+03 2.461597493309548135e+00
4.421415781308600344e+03 2.461599152112276645e+00
4.430498211308600730e+03 2.461600809372984866e+00
4.439543306308601132e+03 2.461602448226419160e+00
4.448644406308600082e+03 2.461604087170462751e+00
4.457708166308600084e+03 2.461605714324123007e+00
4.466827933111449966e+03 2.461607348144895457e+00
4.475910363111449442e+03 2.461608965521372205e+00
4.485048801308600559e+03 2.461610578270153837e+00
4.494149901308600420e+03 2.461612169184028254e+00
4.503307006308600648e+03 2.461613754903578144e+00
4.512426776308600893e+03 2.461615322065960676e+00
4.521602551308600596e+03 2.461616889163561250e+00
4.530740986308599531e+03 2.461618441892031051e+00
4.539935431308599618e+03 2.461619996820895828e+00
4.549092538156500268e+03 2.461621536607527361e+00
4.558305649959349466e+03 2.461623075942058314e+00
4.567481424959349170e+03 2.461624599548522863e+00
4.576713208156499604e+03 2.461626122994680088e+00
4.585907651308600180e+03 2.461627630286885360e+00
4.595158101308599726e+03 2.461629136669025719e+00
4.604371216308600196e+03 2.461630628010942345e+00
4.613640336308600126e+03 2.461632119758528248e+00
4.622872116308600198e+03 2.461633595849173961e+00
4.632159903111450149e+03 2.461635070866934338e+00
4.641410353111449695e+03 2.461636530881159857e+00
4.650716811308599063e+03 2.461637990885084282e+00
4.659985931308599902e+03 2.461639435391111075e+00
4.669311058111450620e+03 2.461640877677919281e+00
4.678598848111450025e+03 2.461642301298795132e+00
4.687942643111449797e+03 2.461643719747928394e+00
4.697249099959349223e+03 2.461645120090946381e+00
4.706611563156499869e+03 2.461646517888720354e+00
4.715936691308599620e+03 2.461647901396413651e+00
4.725317826308600161e+03 2.461649286580506413e+00
4.734661621308599933e+03 2.461650661564240838e+00
4.744061423111449585e+03 2.461652040057578539e+00
4.753423888111449742e+03 2.461653404828291869e+00
4.762842358111450267e+03 2.461654766996543398e+00
4.772223488111450024e+03 2.461656112499622573e+00
4.781660628111450023e+03 2.461657454174174475e+00
4.791060433111450038e+03 2.461658778336222042e+00
4.800516243111450422e+03 2.461660099980579552e+00
4.809934713111450037e+03 2.461661411449378445e+00
4.819409191308599475e+03 2.461662727826247288e+00
4.828846331308600384e+03 2.461664032828073889e+00
4.838339476308600752e+03 2.461665336515852065e+00
4.847795286308600225e+03 2.461666624084948296e+00
4.857307103111450488e+03 2.461667907029566393e+00
4.866781578111450472e+03 2.461669172853485854e+00
4.876312061308600278e+03 2.461670435291753112e+00
4.885805208156500157e+03 2.461671684732553267e+00
4.895354363156500767e+03 2.461672935720745414e+00
4.904866181308600062e+03 2.461674177740834413e+00
4.914434003111449783e+03 2.461675423782069494e+00
4.923964488111449100e+03 2.461676660935651295e+00
4.933550981308600058e+03 2.461677899394050684e+00
4.943100131308599885e+03 2.461679123687604331e+00
4.952705291308599953e+03 2.461680343987930453e+00
4.962273116308600038e+03 2.461681548914978368e+00
4.971896943111450128e+03 2.461682751178517758e+00
4.981483433111450722e+03 2.461683940560592809e+00
4.991125931308600229e+03 2.461685129697284591e+00
5.000731091308600298e+03 2.461686307821853159e+00
5.010392258111450246e+03 2.461687487359651261e+00
5.020016088111449790e+03 2.461688658039899114e+00
5.029695926308600065e+03 2.461689830403217982e+00
5.039338423156500539e+03 2.461690989947532771e+00
5.049036928156499926e+03 2.461692146235405332e+00
5.058698096308599816e+03 2.461693288371115340e+00
5.068415268111450132e+03 2.461694428428563342e+00
5.078095103111450044e+03 2.461695557462129980e+00
5.087830946308599778e+03 2.461696685615201385e+00
5.097529451308600073e+03 2.461697797985955560e+00
5.107283963111449339e+03 2.461698906417341348e+00
5.117001138111450018e+03 2.461700007647873889e+00
5.126774318111450157e+03 2.461701114457193196e+00
5.136510158111449527e+03 2.461702212364863751e+00
5.146302008111450050e+03 2.461703309775398196e+00
5.156056523111449678e+03 2.461704396237496262e+00
5.165867041308600164e+03 2.461705480768501708e+00
5.175640221308601213e+03 2.461706550172314323e+00
5.185469408111450321e+03 2.461707614056007465e+00
5.195261258111449933e+03 2.461708664275432668e+00
5.205109116308599368e+03 2.461709714957329265e+00
5.214919631308600401e+03 2.461710762436680522e+00
5.224786156308599857e+03 2.461711815667024794e+00
5.234615346308599328e+03 2.461712855950000112e+00
5.244500538111449714e+03 2.461713891344716743e+00
5.254348393111450605e+03 2.461714917431099270e+00
5.264252256308600408e+03 2.461715944359649466e+00
5.274118781308600774e+03 2.461716957845096143e+00
5.284041313111450108e+03 2.461717967400181006e+00
5.293926508111450858e+03 2.461718967962015281e+00
5.303867711308599610e+03 2.461719970618396314e+00
5.313771573156499471e+03 2.461720964883804097e+00
5.323731443156500063e+03 2.461721959427547901e+00
5.333653976308600249e+03 2.461722944571702154e+00
5.343632513111449953e+03 2.461723929028394764e+00
5.353573713111450161e+03 2.461724902941375248e+00
5.363570921308600191e+03 2.461725873985915136e+00
5.373530791308599873e+03 2.461726830857168924e+00
5.383546666308599924e+03 2.461727783220778676e+00
5.393525206308599991e+03 2.461728725472469126e+00
5.403559753111449936e+03 2.461729667634448671e+00
5.413556958111449603e+03 2.461730600304337990e+00
5.423610171308600002e+03 2.461731534092218343e+00
5.433626048156500474e+03 2.461732464459164493e+00
5.443697933156499857e+03 2.461733400025517771e+00
5.453732481308599745e+03 2.461734328371254055e+00
5.463823031308600548e+03 2.461735254646455040e+00
5.473876243156500095e+03 2.461736167157833943e+00
5.483985464959349883e+03 2.461737074853334040e+00
5.494057348111449755e+03 2.461737972813483832e+00
5.504185238111449507e+03 2.461738870057651241e+00
5.514275793111450184e+03 2.461739756743595908e+00
5.524422353111449411e+03 2.461740643077708235e+00
5.534531573111449688e+03 2.461741525809404862e+00
5.544696801308599788e+03 2.461742412697179194e+00
5.554824691308599540e+03 2.461743290957901120e+00
5.565008586308599661e+03 2.461744167039495945e+00
5.575155146308598887e+03 2.461745033605364341e+00
5.585357713111449812e+03 2.461745898195331517e+00
5.595522938111449548e+03 2.461746751643542286e+00
5.605744173111449527e+03 2.461747602873716190e+00
5.615928073111449521e+03 2.461748446894159059e+00
5.626167976308599464e+03 2.461749292761851393e+00
5.636370541308599968e+03 2.461750133010709884e+00
5.646629113111450351e+03 2.461750974512656676e+00
5.656850348111449421e+03 2.461751808069271519e+00
5.667127591308600131e+03 2.461752640871081255e+00
5.677367491308600620e+03 2.461753465725451839e+00
5.687663401308599532e+03 2.461754289577325228e+00
5.697921976308600279e+03 2.461755103740826289e+00
5.708236556308600484e+03 2.461755915307247466e+00
5.718513796308600831e+03 2.461756717159875762e+00
5.728847043111450148e+03 2.461757516961391890e+00
5.739142953111449970e+03 2.461758308030923548e+00
5.749494871308599613e+03 2.461759100255762167e+00
5.759809451308599819e+03 2.461759890570045961e+00
5.770180036308600393e+03 2.461760685566650064e+00
5.780513286308600073e+03 2.461761474541707795e+00
5.790902541308600121e+03 2.461762262393029310e+00
5.801254456308600311e+03 2.461763040678684789e+00
5.811662381308600743e+03 2.461763815546796241e+00
5.822032966308599498e+03 2.461764579529788222e+00
5.832459558111449951e+03 2.461765341111570304e+00
5.842848813111449999e+03 2.461766096332269615e+00
5.853294076308599870e+03 2.461766853029631275e+00
5.863702001308599392e+03 2.461767604379438090e+00
5.874165931308600193e+03 2.461768357312137390e+00
5.884592526308600100e+03 2.461769105496164123e+00
5.895075126308600375e+03 2.461769854750862407e+00
5.905520386308600791e+03 2.461770596798265931e+00
5.916021653111449268e+03 2.461771336786468645e+00
5.926485583111450069e+03 2.461772066698212580e+00
5.937005521308599782e+03 2.461772792415179989e+00
5.947488121308600057e+03 2.461773507381251669e+00
5.958026726308599791e+03 2.461774219161132926e+00
5.968527996308599540e+03 2.461774923319110187e+00
5.979085271308600568e+03 2.461775629410664745e+00
5.989605206308599918e+03 2.461776335217548795e+00
6.000181151308599510e+03 2.461777045689117926e+00
6.010719758156499665e+03 2.461777750449892999e+00
6.021314373156500551e+03 2.461778452185962252e+00
6.031871648156500669e+03 2.461779141468698473e+00
6.042484928156500246e+03 2.461779826519581160e+00
6.053060873156499838e+03 2.461780506168502303e+00
6.063692823156499799e+03 2.461781187648106606e+00
6.074287436308600263e+03 2.461781864378190132e+00
6.084938056308599698e+03 2.461782540569943833e+00
6.095551338156499696e+03 2.461783207974585164e+00
6.100121604959350407e+03 2.461783493405465428e+00
6.107316868164300104e+03 2.461783942966007110e+00
6.116795983111449459e+03 2.461784537833461517e+00
6.125521906308600592e+03 2.461785085649156990e+00
6.136172523156499665e+03 2.461785748772308935e+00
6.146104174906499793e+03 2.461786361528637723e+00
6.153343983111450143e+03 2.461786806337691758e+00
6.159386408111449782e+03 2.461787175777429226e+00
6.171485214906500005e+03 2.461787908705995065e+00
6.186309838156500518e+03 2.461788796881108077e+00
6.198911031308600286e+03 2.461789545037910365e+00
6.223611028058599913e+03 2.461791001527681821e+00
6.243387731308599541e+03 2.461792161864008843e+00
6.269666928156500035e+03 2.461793685472297710e+00
6.307616974959349136e+03 2.461795837046232727e+00
6.345567023111449998e+03 2.461797946668241810e+00
6.400371056308600600e+03 2.461800932846767598e+00
6.455175088156500351e+03 2.461803838673085387e+00
6.534318133156500153e+03 2.461807901241351182e+00
6.613461178156499955e+03 2.461811824477079469e+00
6.727752424959349810e+03 2.461817218150114339e+00
6.842043673111449607e+03 2.461822246295668482e+00
7.007092786308599898e+03 2.461828980197267480e+00
7.172141896308599826e+03 2.461835221057695922e+00
7.410490941308599758e+03 2.461843460615479984e+00
7.648839986308600601e+03 2.461850826233994205e+00
7.993042181308598629e+03 2.461860197229013725e+00
8.337244376308599385e+03 2.461868289966684831e+00
8.834310146308600451e+03 2.461878190047055437e+00
9.331375916308601518e+03 2.461886328333145357e+00
1.004919348630859895e+04 2.461895781671242123e+00
1.076701103815649913e+04 2.461903168792638041e+00
1.180361838815650117e+04 2.461911484517040893e+00
1.284022578815650013e+04 2.461918118004671197e+00
1.433720069495934877e+04 2.461925407971711444e+00
1.583417559495935166e+04 2.461930534984448027e+00
1.799597178815649750e+04 2.461935466538652140e+00
2.015776793815649944e+04 2.461938715741360806e+00
2.327963898815650100e+04 2.461941836167844677e+00
2.640151003815649892e+04 2.461944491166169868e+00
3.090983468815649758e+04 2.461949372783731160e+00
3.541815934630859556e+04 2.461957486383324234e+00
4.192867524630860134e+04 2.461970022937983948e+00
4.843919118815649563e+04 2.461978139444135572e+00
5.784109113815650926e+04 2.461988668459018204e+00
6.724299108815650106e+04 2.462005134249043437e+00
8.082036713815650728e+04 2.462028936848770222e+00
9.439774318815649895e+04 2.462040822971777398e+00
1.140049651881565078e+05 2.462046358998746687e+00
1.336121870463085943e+05 2.462048840640479686e+00
1.619271690463086125e+05 2.462049942379449075e+00
1.902421510463086597e+05 2.462051463444594024e+00
2.311320945463086828e+05 2.462054476717249862e+00
2.720220380463086767e+05 2.462058545564961509e+00
3.310716070463086944e+05 2.462063974786100395e+00
3.901211760463086539e+05 2.462066167221693469e+00
4.753952380463086301e+05 2.462066453460643345e+00
5.606693001381563954e+05 2.462066652869483008e+00
