1.999999602499999973e-01 0.000000000000000000e+00
3.499999602500000195e-01 4.055594195979635093e-06
4.999999602499999307e-01 2.133171773267658852e-05
6.499999204999999947e-01 5.319817689898818913e-05
7.499999602500000417e-01 7.877172795627790749e-05
8.999999602499998419e-01 1.184218119645967651e-04
1.049999960249999864e+00 1.574283432888238111e-04
1.150000000000000133e+00 1.822875109562045639e-04
1.250000000000000222e+00 2.059098450008031310e-04
1.399999960250000175e+00 2.388416148491675367e-04
1.549999960250000086e+00 2.686105901283090849e-04
1.650000000000000133e+00 2.867780977457478134e-04
1.750000000000000000e+00 3.038751320114135737e-04
1.899999960249999953e+00 3.278742167914869146e-04
2.049999920499999906e+00 3.500901928162181284e-04
2.149999960250000175e+00 3.639926703807072118e-04
2.250000000000000000e+00 3.772930623287328944e-04
2.350000000000000089e+00 3.900490973402106587e-04
2.450000000000000622e+00 4.023112696287933364e-04
2.599999960250000353e+00 4.199076137326863793e-04
2.749999920499999639e+00 4.366185654803299873e-04
2.849999920500000172e+00 4.472999125667473353e-04
2.949999920499999817e+00 4.576640421084860106e-04
3.049999920499999906e+00 4.677358444018474282e-04
3.149999960249999731e+00 4.775377358745450476e-04
3.250000000000000000e+00 4.870900648744363082e-04
3.350000000000000089e+00 4.964112897983697509e-04
3.450000000000000178e+00 5.055182971973215967e-04
3.599999960249999909e+00 5.188423537122932236e-04
3.749999920499999639e+00 5.318575373614960666e-04
3.849999920499999728e+00 5.404647969725508280e-04
3.949999920500000261e+00 5.491508064251020282e-04
4.049999920499999462e+00 5.580114484000050275e-04
4.149999960249999731e+00 5.671407387059513834e-04
4.299999960250000086e+00 5.815752043162089992e-04
4.449999960249999553e+00 5.971244963659594947e-04
4.599999960249999909e+00 6.140791836266854854e-04
4.749999920500000528e+00 6.327292113658761425e-04
4.849999960250000797e+00 6.462217308067913762e-04
4.974774110250000270e+00 6.644641509699035975e-04
5.124774070500000001e+00 6.886509568094159464e-04
5.249999920499999639e+00 7.107890507638777756e-04
5.349999960249999909e+00 7.298353257470651398e-04
5.450134660250000707e+00 7.502435256584431443e-04
5.600134620499999549e+00 7.834895635169333719e-04
5.749999920499999639e+00 8.200919850214819212e-04
5.849999960250000797e+00 8.464978735117196455e-04
5.999999960250000264e+00 8.892801907840010072e-04
6.149999960249999731e+00 9.360435101882556928e-04
6.299999960250000086e+00 9.869987715323937441e-04
6.449999960250000441e+00 1.042355395235133701e-03
6.564202810250000297e+00 1.087595404305880453e-03
6.714202770500000028e+00 1.151266151916071701e-03
6.849999960250000797e+00 1.213151024354885933e-03
6.999999960249999376e+00 1.286388341570238528e-03
7.149999960250000619e+00 1.364974309980619867e-03
7.299999940250001096e+00 1.449112451921676309e-03
7.449999940249998787e+00 1.539008130392831211e-03
7.554928760250000153e+00 1.605425862659882498e-03
7.685866700500000093e+00 1.692585966886383814e-03
7.819216140500000023e+00 1.786402555245566841e-03
7.938278140500000468e+00 1.874492001739544878e-03
8.049999880499999705e+00 1.960862038378044080e-03
8.149999940249998076e+00 2.041332391026702206e-03
8.249999999999998224e+00 2.124909660290568228e-03
8.383361460250000619e+00 2.241400328709914052e-03
8.533361400500000471e+00 2.379467146530276321e-03
8.649999940249999852e+00 2.492002057891482512e-03
8.750000000000000000e+00 2.592179898577768628e-03
8.857388525250000200e+00 2.703722251813600770e-03
9.007388465499998276e+00 2.866582785837032930e-03
9.149999940249999852e+00 3.029211599906542814e-03
9.250000000000000000e+00 3.147894906154836102e-03
9.399999940249999852e+00 3.333368236065106013e-03
9.549999940250001984e+00 3.528014512037805708e-03
9.650000000000002132e+00 3.663008444877819195e-03
9.783446030249999481e+00 3.849954889932816725e-03
9.933445970499999333e+00 4.069609921027545971e-03
1.004999994024999843e+01 4.247308010626590739e-03
1.015000000000000036e+01 4.404791613518358427e-03
1.029999994025000021e+01 4.650105790116888446e-03
1.044999988050000006e+01 4.906647273533557008e-03
1.054999994025000021e+01 5.084101258382159143e-03
1.065000000000000036e+01 5.266869478343220480e-03
1.079999994025000021e+01 5.551310296623435288e-03
1.094999988050000006e+01 5.848447519033910143e-03
1.104999994025000021e+01 6.053787916011698494e-03
1.115000000000000036e+01 6.265103589771880803e-03
1.129999994025000021e+01 6.593657770564058905e-03
1.144999988050000006e+01 6.936542629440783751e-03
1.154999994025000021e+01 7.173336639667533127e-03
1.165000000000000036e+01 7.416905718391709514e-03
1.179999994025000021e+01 7.795322097318369871e-03
1.194999988050000006e+01 8.189792798589256781e-03
1.204999994025000198e+01 8.461903235413131483e-03
1.215000000000000213e+01 8.741523687913367938e-03
1.229999994025000021e+01 9.175562593516348869e-03
1.244999988049999828e+01 9.627743817265266985e-03
1.254999994024999843e+01 9.939639815284877916e-03
1.264999999999999858e+01 1.026024029535572285e-02
1.279999994025000021e+01 1.075813990772874623e-02
1.294999988050000006e+01 1.127714434445090813e-02
1.304999994025000021e+01 1.163525623142646834e-02
1.315000000000000036e+01 1.200338586705907394e-02
1.329765913525000087e+01 1.256578813632564309e-02
1.344765907550000072e+01 1.316062759036374166e-02
1.354999994025000021e+01 1.358037457766941673e-02
1.365000000000000036e+01 1.400167263330280056e-02
1.379999994025000021e+01 1.465476668962846160e-02
1.394999988049999828e+01 1.533374970200401810e-02
1.404999994024999843e+01 1.580104207444226957e-02
1.415000000000000036e+01 1.628016231992708562e-02
1.429999994025000198e+01 1.702087965219782964e-02
1.444999988049999828e+01 1.778792344836724673e-02
1.454999994024999843e+01 1.831385109651210638e-02
1.464999999999999858e+01 1.885133257943797866e-02
1.479999994024999843e+01 1.967904615595833864e-02
1.494999988050000006e+01 2.053245396123101751e-02
1.504999994025000021e+01 2.111561004141560352e-02
1.515000000000000036e+01 2.171000130933178202e-02
1.529999994025000021e+01 2.262214657968024401e-02
1.544999988050000006e+01 2.355847778087533789e-02
1.554999994025000021e+01 2.419586582677626246e-02
1.565000000000000036e+01 2.484348186167496114e-02
1.579999994025000021e+01 2.583351467437504032e-02
1.594999988050000006e+01 2.684538628619508732e-02
1.604999994025000021e+01 2.753182772575120396e-02
1.615000000000000213e+01 2.822746013013593611e-02
1.629999994075000203e+01 2.928764154228265942e-02
1.644999994075000416e+01 3.036749397019444102e-02
1.659999994075000274e+01 3.146645114121100761e-02
1.674999988149999908e+01 3.258394418815557109e-02
1.684999988149999695e+01 3.333901700140832342e-02
1.694999994075000060e+01 3.410191249448218248e-02
1.709999994075000274e+01 3.526047900643061728e-02
1.724999994075000131e+01 3.643572763849288465e-02
1.735000000000000142e+01 3.722830616789953723e-02
1.745000000000000284e+01 3.802797723892807624e-02
1.759999994075000274e+01 3.924052290397159887e-02
1.774999988149999552e+01 4.046848520334153654e-02
1.784999988150000050e+01 4.129556285832857582e-02
1.794999994075000060e+01 4.212924893600136084e-02
1.810000000000000142e+01 4.339190289790349764e-02
1.830000000000000071e+01 4.509756846710576833e-02
1.845000000000000284e+01 4.639309861866455775e-02
1.860000000000000142e+01 4.770225475145931093e-02
1.879140988025000425e+01 4.939224834425109262e-02
1.894140988024999928e+01 5.073164661280289006e-02
1.910000000000000497e+01 5.216178196403400968e-02
1.925000000000000355e+01 5.352749529720467886e-02
1.940000000000000568e+01 5.490563844827132250e-02
1.958403798525000283e+01 5.661309908151971465e-02
1.973403798525000141e+01 5.801803716019756502e-02
1.990000000000000213e+01 5.958599551371198538e-02
2.010000000000000142e+01 6.149393523873451090e-02
2.025000000000000355e+01 6.293781434758338733e-02
2.040000000000000213e+01 6.439240136571978967e-02
2.056009549024999927e+01 6.595632586498453853e-02
2.069033201049999704e+01 6.723702884869997565e-02
2.083023652024999706e+01 6.862090104607602992e-02
2.095000000000000284e+01 6.981195746864048146e-02
2.110000000000000142e+01 7.131165391630060746e-02
2.125000000000000355e+01 7.281980694612232019e-02
2.140000000000000568e+01 7.433589758726888430e-02
2.155482192025000288e+01 7.590845278016959685e-02
2.168247514049999936e+01 7.721054057277847160e-02
2.182765322024999932e+01 7.869678514744159192e-02
2.195000000000000284e+01 7.995331620360468516e-02
2.210000000000000497e+01 8.149811476820204015e-02
2.225000000000000355e+01 8.304693373077949581e-02
2.240000000000000213e+01 8.459893708138900570e-02
2.256821726525000216e+01 8.634208579811968043e-02
2.271195611050000451e+01 8.783288518394846700e-02
2.284373884525000165e+01 8.919985457538201490e-02
2.295000000000000284e+01 9.030170633592685125e-02
2.310000000000000142e+01 9.185549050042750296e-02
2.325000000000000355e+01 9.340647771343055239e-02
2.340000000000000568e+01 9.495343683284850067e-02
2.360000000000000497e+01 9.700736911846316590e-02
2.375000000000000355e+01 9.853997819672978553e-02
2.390000000000000568e+01 1.000642403347100640e-01
2.410000000000000497e+01 1.020810270922828111e-01
2.425000000000000355e+01 1.035805416643533067e-01
2.440000000000000213e+01 1.050671950343401578e-01
2.460000000000000497e+01 1.070268782292439214e-01
2.475000000000000355e+01 1.084784216692955827e-01
2.488191686025000138e+01 1.097409266999108679e-01
2.503191686024999996e+01 1.111593792707044892e-01
2.515000000000000213e+01 1.122626024627565583e-01
2.525000000000000355e+01 1.131872180075736284e-01
2.540000000000000568e+01 1.145567901034078434e-01
2.560000000000000142e+01 1.163493089272896741e-01
2.575000000000000355e+01 1.176678003105740972e-01
2.587041684025000166e+01 1.187097975878809303e-01
2.602041684025000023e+01 1.199869884203313836e-01
2.615000000000000213e+01 1.210716413530722180e-01
2.625000000000000355e+01 1.218967902925849334e-01
2.640000000000000213e+01 1.231151899496540636e-01
2.660000000000000497e+01 1.247039120061956968e-01
2.675000000000000355e+01 1.258688185248436064e-01
2.690000000000000213e+01 1.270114210208501959e-01
2.705848787525000176e+01 1.281950310542680216e-01
2.720325843550000045e+01 1.292555340519326301e-01
2.734477056025000152e+01 1.302737410404754825e-01
2.745000000000000639e+01 1.310193978917644220e-01
2.760000000000000142e+01 1.320661385892734352e-01
2.775000000000000711e+01 1.330944633367133201e-01
2.789999999999999858e+01 1.341051739571911816e-01
2.810000000000000497e+01 1.354269648689380434e-01
2.825000000000000000e+01 1.363997029390884852e-01
2.839999999999999858e+01 1.373574911239004992e-01
2.860000000000000497e+01 1.386128114921197363e-01
2.875000000000000355e+01 1.395387317626674561e-01
2.889999999999999858e+01 1.404522243306944862e-01
2.910000000000000497e+01 1.416522351401737212e-01
2.925000000000000355e+01 1.425393859338872637e-01
2.939999999999999858e+01 1.434162955991482857e-01
2.960000000000000497e+01 1.445707258504650983e-01
2.975000000000000355e+01 1.454259986037012564e-01
2.990000000000000213e+01 1.462728962492090834e-01
3.010000000000000497e+01 1.473900362687283472e-01
3.025000000000000355e+01 1.482192922798041546e-01
3.040000000000000213e+01 1.490417191971936117e-01
3.060000000000000497e+01 1.501284476814037649e-01
3.075000000000000355e+01 1.509364726418710723e-01
3.090000000000000213e+01 1.517389250919728427e-01
3.110000000000000853e+01 1.528008460857683826e-01
3.125000000000000355e+01 1.535915752620707619e-01
3.140000000000000213e+01 1.543777768040017206e-01
3.160000000000000853e+01 1.554195297923043062e-01
3.175000000000000711e+01 1.561961957058272676e-01
3.190000000000000213e+01 1.569691730986657596e-01
3.205000000000000426e+01 1.577386857975723866e-01
3.215000000000000568e+01 1.582498517631716062e-01
3.225000000000000000e+01 1.587596310606375349e-01
3.235000000000000142e+01 1.592680805825670287e-01
3.250000000000000711e+01 1.600284063751220565e-01
3.265000000000000568e+01 1.607860340102212904e-01
3.275000000000000000e+01 1.612896827699529245e-01
3.285000000000000142e+01 1.617922489340331837e-01
3.300000000000000711e+01 1.625441834200359315e-01
3.314999999999999858e+01 1.632939154894732514e-01
3.325000000000000000e+01 1.637925636449656663e-01
3.335000000000000142e+01 1.642903274512476919e-01
3.347887686025000420e+01 1.649305887779140833e-01
3.362887686025000278e+01 1.656741110492919167e-01
3.375000000000000000e+01 1.662732326607009314e-01
3.385000000000000142e+01 1.667670596235462932e-01
3.400000000000000000e+01 1.675065011725005437e-01
3.414999999999999858e+01 1.682444368059479167e-01
3.425000000000000000e+01 1.687355841480250862e-01
3.435000000000000853e+01 1.692261135389361848e-01
3.450000000000000000e+01 1.699607996932003540e-01
3.464999999999999858e+01 1.706941948015486821e-01
3.475000000000000711e+01 1.711824274081358843e-01
3.485000000000000853e+01 1.716701247361193117e-01
3.500000000000000711e+01 1.724007045173815422e-01
3.514999999999999858e+01 1.731301508121182720e-01
3.525000000000000711e+01 1.736158311366540197e-01
3.535000000000000853e+01 1.741010327299487570e-01
3.550000000000000711e+01 1.748279619236517146e-01
3.565000000000000568e+01 1.755538586268503842e-01
3.575000000000000711e+01 1.760372238539499867e-01
3.585000000000000853e+01 1.765201471114498100e-01
3.600000000000000000e+01 1.772437217611166904e-01
3.615000000000000568e+01 1.779663349238282399e-01
3.625000000000000711e+01 1.784475484663104183e-01
3.635000000000000853e+01 1.789283478941575967e-01
3.650000000000000000e+01 1.796487859657847352e-01
3.665000000000000568e+01 1.803683191515359774e-01
3.675000000000000711e+01 1.808475094480571921e-01
3.685000000000000142e+01 1.813263079377326614e-01
3.700000000000000000e+01 1.820437828944670711e-01
3.715000000000000568e+01 1.827603960167781816e-01
3.725000000000000711e+01 1.832376622159380408e-01
3.735000000000000142e+01 1.837145536517310052e-01
3.750000000000000000e+01 1.844291988149112382e-01
3.765000000000000568e+01 1.851430182216621256e-01
3.775000000000000000e+01 1.856184415220495376e-01
3.785000000000000142e+01 1.860935051464473466e-01
3.799294226025000398e+01 1.867719556552492333e-01
3.814294226025000256e+01 1.874831294518353453e-01
3.825000000000000000e+01 1.879902242015059344e-01
3.835000000000000142e+01 1.884635298187963270e-01
3.845000000000000995e+01 1.889364908401438281e-01
3.860000000000000853e+01 1.896452926153345264e-01
3.875000000000000000e+01 1.903533274850419121e-01
3.885000000000000853e+01 1.908249250221213666e-01
3.895000000000000995e+01 1.912961850162846478e-01
3.910000000000000853e+01 1.920024473552997824e-01
3.925000000000000711e+01 1.927079565003490536e-01
3.935000000000000853e+01 1.931778773393221516e-01
3.945000000000000995e+01 1.936474657197403415e-01
3.955172386025000719e+01 1.941248088684249806e-01
3.970172386025000577e+01 1.948280672938809410e-01
3.985000000000000853e+01 1.955225136005082909e-01
4.041598891025000739e+01 1.981668446297042141e-01
4.104516327050000513e+01 2.010938140132920993e-01
4.183859247049999652e+01 2.047654473790821994e-01
4.263471192050000269e+01 2.084264961064932198e-01
4.344681002049999563e+01 2.121350201420085235e-01
4.426159842050000037e+01 2.158270008264462081e-01
4.509236542050000196e+01 2.195583725198191338e-01
4.592582272050000114e+01 2.232649630953996156e-01
4.677525867050000130e+01 2.270008808711695136e-01
4.762738487050000202e+01 2.307024278814829854e-01
4.849548972049999662e+01 2.344211287063738269e-01
4.936628487050000302e+01 2.380935058195290110e-01
5.001658948720000097e+01 2.407949595918491281e-01
5.077672643719999712e+01 2.439045544934531073e-01
5.114252272050000414e+01 2.453820056140726125e-01
5.204796542049999886e+01 2.489822880983630637e-01
5.295609837050000124e+01 2.525076060161212110e-01
5.388020997050000460e+01 2.560021138880653746e-01
5.480701192050000259e+01 2.594081230227318069e-01
5.574979247049999742e+01 2.627683069575822428e-01
5.669526327050000702e+01 2.660293235127572653e-01
5.765671277050000043e+01 2.692327649991986260e-01
5.862085252050000861e+01 2.723304397934585008e-01
5.960097092050000356e+01 2.753629413123700465e-01
6.058377957049999907e+01 2.782874575070308776e-01
6.158256687050000266e+01 2.811434208471507712e-01
6.258404447050001096e+01 2.838931501369110211e-01
6.360150072050000603e+01 2.865746430465592742e-01
6.462164722049999455e+01 2.891547985043240732e-01
6.565777237049999826e+01 2.916699257913359933e-01
6.669658782049999957e+01 2.940908429477510078e-01
6.775138187050001193e+01 2.964519963310100481e-01
6.880886622050000767e+01 2.987274452302128847e-01
6.988232922049999729e+01 3.009496476520155950e-01
7.095848252049998450e+01 3.030952261246151469e-01
7.205061447049999401e+01 3.051945467684654134e-01
7.314543667050000408e+01 3.072261358786027574e-01
7.425623752050000803e+01 3.092182080052862103e-01
7.536972862049998412e+01 3.111506224783205932e-01
7.637074223720000532e+01 3.128362974043289446e-01
7.733860158720000300e+01 3.144232635526650887e-01
7.763135842050000690e+01 3.148950371059985320e-01
7.877949712050001096e+01 3.167127377687974366e-01
7.993032607050000138e+01 3.184835352050158219e-01
8.109713367049999988e+01 3.202296589930010984e-01
8.226663157050001018e+01 3.219330228552031437e-01
8.345210807050001733e+01 3.236141625139730693e-01
8.464027487049999365e+01 3.252554208292124382e-01
8.584442037050000351e+01 3.268758477409491880e-01
8.705125612049999972e+01 3.284582615744701117e-01
8.827407047050000699e+01 3.300204474502700380e-01
8.949957512049999764e+01 3.315458071685143393e-01
9.074105842049999637e+01 3.330510647522627043e-01
9.198523197049999567e+01 3.345203234963553540e-01
9.324538417050000305e+01 3.359694228566214025e-01
9.450822667049999382e+01 3.373832754238751397e-01
9.547571248719999915e+01 3.384409947619558823e-01
9.657140098720000765e+01 3.396132109439636837e-01
9.706855922050000629e+01 3.401361777823306842e-01
9.778668153719999623e+01 3.408822941354673342e-01
9.880570645390000095e+01 3.419227420978260268e-01
9.938507418720000430e+01 3.425047559983392387e-01
9.966622962050000467e+01 3.427847389672339373e-01
1.000416438871999958e+02 3.431561924052010659e-01
1.006779326039000040e+02 3.437797194449883076e-01
1.013136610038999947e+02 3.443954184202189794e-01
1.015500017539000055e+02 3.446225729455320019e-01
1.017000017539000112e+02 3.447662649421531778e-01
1.018943797039000003e+02 3.449518586130917996e-01
1.020443797039000060e+02 3.450946102550272454e-01
1.022000017538999970e+02 3.452422873753430155e-01
1.023962215372000060e+02 3.454278884833684171e-01
1.025462215371999974e+02 3.455693265039660456e-01
1.027000017538999970e+02 3.457139406692783523e-01
1.029000017538999856e+02 3.459014434699022034e-01
1.030500017538999913e+02 3.460416447727411304e-01
1.032000017538999970e+02 3.461814838104701475e-01
1.034000017538999998e+02 3.463673768040451129e-01
1.035500017538999913e+02 3.465063793387927471e-01
1.037000017538999970e+02 3.466450274694665157e-01
1.039000017538999998e+02 3.468293456642411177e-01
1.040500017538999913e+02 3.469671773933564185e-01
1.042000017538999970e+02 3.471046641809842903e-01
1.044000017538999998e+02 3.472874497287939399e-01
1.045500017539000055e+02 3.474241444558943681e-01
1.046898459871999876e+02 3.475512837414597711e-01
1.048398459871999933e+02 3.476873435399376877e-01
1.049805652538999823e+02 3.478147070476045322e-01
1.051305652538999880e+02 3.479501871867338170e-01
1.052500017539000083e+02 3.480578559113193804e-01
1.054000017539000140e+02 3.481928227761788563e-01
1.055500017539000055e+02 3.483275113083649788e-01
1.056679393539000102e+02 3.484332181827605179e-01
1.058179393539000159e+02 3.485674244624497042e-01
1.060000017538999941e+02 3.487299682106418941e-01
1.062000017539000112e+02 3.489080995767408488e-01
1.064000017539000140e+02 3.490858019601527085e-01
1.065500017539000055e+02 3.492188083439938806e-01
1.067000017539000112e+02 3.493515952083228737e-01
1.068866807539000092e+02 3.495165634415949296e-01
1.070366807539000007e+02 3.496488984933326383e-01
1.072000017539000112e+02 3.497927816708206739e-01
1.073933428372000094e+02 3.499628638959974003e-01
1.075433428372000009e+02 3.500946568232130018e-01
1.077000017539000112e+02 3.502321901570832896e-01
1.079000017538999998e+02 3.504076649557943957e-01
1.080500017539000055e+02 3.505392163962981478e-01
1.082000017539000112e+02 3.506707554087988843e-01
1.084000017538999998e+02 3.508461838534503996e-01
1.085500017538999913e+02 3.509778247310376686e-01
1.087000017539000112e+02 3.511095791399663768e-01
1.089000017538999998e+02 3.512855287576251984e-01
1.090500017539000055e+02 3.514177603853504972e-01
1.092000017539000112e+02 3.515503148052581683e-01
1.093568281038999856e+02 3.516893447592084887e-01
1.095068281038999913e+02 3.518228600035345766e-01
1.096948508538999789e+02 3.519911985666063781e-01
1.098448508538999846e+02 3.521264518793461029e-01
1.100000017539000083e+02 3.522675372698800267e-01
1.101655085872000086e+02 3.524197549553526598e-01
1.103155085821999961e+02 3.525596981391176943e-01
1.105000017439000004e+02 3.527355030007006120e-01
1.106500017439000061e+02 3.528823691942396534e-01
1.108000017439000118e+02 3.530346711198253384e-01
1.110000017439000146e+02 3.532525630081777002e-01
1.111500017438999919e+02 3.534340468987204331e-01
1.112882800039000131e+02 3.536463739240545689e-01
1.114382800039000045e+02 3.542981683811295968e-01
1.115840118939000121e+02 3.560012262719449705e-01
1.117333632688999927e+02 3.588538057587772889e-01
1.118493531189000123e+02 3.614006543741809518e-01
1.120000017439000004e+02 3.647673939192851988e-01
1.121500017438999919e+02 3.681637943664346491e-01
1.123000017438999976e+02 3.715983644244648110e-01
1.125000017439000004e+02 3.762323565374065537e-01
1.126500017439000061e+02 3.797480569776912618e-01
1.128000017439000118e+02 3.832979853044647389e-01
1.129560930788999968e+02 3.870284761333693258e-01
1.131060930789000025e+02 3.906485077260347105e-01
1.132834478338999844e+02 3.949732240962234298e-01
1.134334478338999901e+02 3.986684722895666444e-01
1.136000017439000089e+02 4.028114107149847190e-01
1.138000017439000118e+02 4.078406042936154052e-01
1.140000017439000004e+02 4.129272612919306917e-01
1.141500017439000061e+02 4.167786375340542526e-01
1.143000017438999976e+02 4.206594947643467752e-01
1.145000017439000146e+02 4.258767604994965761e-01
1.146500017439000061e+02 4.298201228951784025e-01
1.148000017439000118e+02 4.337873122697368244e-01
1.150000017439000004e+02 4.391103585136704734e-01
1.151500017439000061e+02 4.431259603198000607e-01
1.153000017439000118e+02 4.471595548819994881e-01
1.155000017438999862e+02 4.525630219133481291e-01
1.156500017438999919e+02 4.566335528767557217e-01
1.157658468322000260e+02 4.597872234695836169e-01
1.159158468322000033e+02 4.638834187312693702e-01
1.161000017438999947e+02 4.689324140857040191e-01
1.163000017439000118e+02 4.744425895088890677e-01
1.165000017439000146e+02 4.799838534358083497e-01
1.166500017438999919e+02 4.841626801409709135e-01
1.167976609388999805e+02 4.882985229539203997e-01
1.169476609388999861e+02 4.925254837480587122e-01
1.171000017439000089e+02 4.968482279389416223e-01
1.173000017439000118e+02 5.025760564132000230e-01
1.174743670689000083e+02 5.076243769938867390e-01
1.176243670689000140e+02 5.120132133632823157e-01
1.178000017438999976e+02 5.172128477987851802e-01
1.180000017439000004e+02 5.232221499751926741e-01
1.181500017439000061e+02 5.277959282983736289e-01
1.183000017439000118e+02 5.324323367887568992e-01
1.185000017439000146e+02 5.387197162938243133e-01
1.186500017438999919e+02 5.435184276479764209e-01
1.188000017438999976e+02 5.483931484116677524e-01
1.190000017439000004e+02 5.550176972715229473e-01
1.191500017439000061e+02 5.600829387045951346e-01
1.192500017459000077e+02 5.635073884082488771e-01
1.193500017479000093e+02 5.669709220766272484e-01
1.195000017478999865e+02 5.722408081807707214e-01
1.196500017478999922e+02 5.776011296547496343e-01
1.198000017478999979e+02 5.830524822634207682e-01
1.200000017479000007e+02 5.904624071744168923e-01
1.201500017480499878e+02 5.961250466245312518e-01
1.202500017481999919e+02 5.999493894237256653e-01
1.204000017480500020e+02 6.057572855158321889e-01
1.206000017479000093e+02 6.136292754910463998e-01
1.208000017478999979e+02 6.216396283338033735e-01
1.210000017479000007e+02 6.297770305336358732e-01
1.211500017479000064e+02 6.359566648663845800e-01
1.212879315509000122e+02 6.416908419867919378e-01
1.214379315488999964e+02 6.479770176719308328e-01
1.218766512089000003e+02 6.665523559509120011e-01
1.223180611489000142e+02 6.854625378611115538e-01
1.227754497339000181e+02 7.050249015858262025e-01
1.232355285939000140e+02 7.243762594555614998e-01
1.237115860989000140e+02 7.434760933674721128e-01
1.241903338789000060e+02 7.611128200371434227e-01
1.243866077622000006e+02 7.678362926431291369e-01
1.248111931621999986e+02 7.811882607079722041e-01
1.251824770088999799e+02 7.914919412713298241e-01
1.256958723589000044e+02 8.039698208946681746e-01
1.262119579788999886e+02 8.147847931727669746e-01
1.267440222488999950e+02 8.245134024768515646e-01
1.272787767989000116e+02 8.332266902825350430e-01
1.274190436371999908e+02 8.353514191333497596e-01
1.278915649722000012e+02 8.422028607235930719e-01
1.283829334538999944e+02 8.488749157279894542e-01
1.289523355688999686e+02 8.561612766829421739e-01
1.295244279588999916e+02 8.631462950712106563e-01
1.300474079922000215e+02 8.693239509029322409e-01
1.305518866371999991e+02 8.751744543046601210e-01
1.307032603039000094e+02 8.769114942750489972e-01
1.313100002539000002e+02 8.838427469777759837e-01
1.319194305039000028e+02 8.907850558461340995e-01
1.325448393539000165e+02 8.979149297265561769e-01
1.331729385038999851e+02 9.051006300736720300e-01
1.333972156872000028e+02 9.076758253157076739e-01
1.339496302372000400e+02 9.140670516685125424e-01
1.344637844039000072e+02 9.200831368065929272e-01
1.351265311539000038e+02 9.279606710085301913e-01
1.357919681539000010e+02 9.360376199177954382e-01
1.362496067872000083e+02 9.416813322932980901e-01
1.368339786372000049e+02 9.489692176634220155e-01
1.371574897039000120e+02 9.530412585438764461e-01
1.378575742538999975e+02 9.619308203368679422e-01
1.385603491038999948e+02 9.709503368274960966e-01
1.391953425372000197e+02 9.791767648045949235e-01
1.398116716872000040e+02 9.872266742221244007e-01
1.400005463539000061e+02 9.897063441511052551e-01
1.407379687539000201e+02 9.994429830964175476e-01
1.414780814539000176e+02 1.009302498786118996e+00
1.422341728039000088e+02 1.019463822029228695e+00
1.429929544039000291e+02 1.029750491551792324e+00
1.437677146539000148e+02 1.040343978972457117e+00
1.445451652038999839e+02 1.051063650725769794e+00
1.453385943538999925e+02 1.062085947164639999e+00
1.461347138038999844e+02 1.073217974131855712e+00
1.469468119038999987e+02 1.084631788619142334e+00
1.477616002538999851e+02 1.096125286556657752e+00
1.485923672538999938e+02 1.107864312361575010e+00
1.494258245538999859e+02 1.119637557976655318e+00
1.502752605039000287e+02 1.131603980672278631e+00
1.511273867038999867e+02 1.143545796618870680e+00
1.519117314371999896e+02 1.154457087613400157e+00
1.526558897371999990e+02 1.164714208014118846e+00
1.528662867038999877e+02 1.167596593524235837e+00
1.537530605039000307e+02 1.179636176368613620e+00
1.546425245539000173e+02 1.191522010371426576e+00
1.553241901372000200e+02 1.200489146193258971e+00
1.561003057372000171e+02 1.210533244328246383e+00
1.564561002539000185e+02 1.215077814941824208e+00
1.573802119039000047e+02 1.226694758954773201e+00
1.583070138038999914e+02 1.238066472486253344e+00
1.588299935372000107e+02 1.244357761822316277e+00
1.596380664371999956e+02 1.253897579684880137e+00
1.601952651539000101e+02 1.260347348054012606e+00
1.611567146038999851e+02 1.271232527620157704e+00
1.621208543539000004e+02 1.281839088598384579e+00
1.624291415872000073e+02 1.285165796963441798e+00
1.632691717872000083e+02 1.294077513515115019e+00
1.640837814539000021e+02 1.302506832718275387e+00
1.650825687539000057e+02 1.312568857102024200e+00
1.660840463039000099e+02 1.322367822648719438e+00
1.671015025539000192e+02 1.332043202783386837e+00
1.681216491039000118e+02 1.341478976684368440e+00
1.688686558872000205e+02 1.348230762262659255e+00
1.697566219871999920e+02 1.356097701017663359e+00
1.701965896538999914e+02 1.359932882363538376e+00
1.712513837539000008e+02 1.368981446236179345e+00
1.723088681038999823e+02 1.377857707897270689e+00
1.727105001372000004e+02 1.381180916078319498e+00
1.736304235872000277e+02 1.388708052301050211e+00
1.744584844039000018e+02 1.395384660933892462e+00
1.755506163039000000e+02 1.404066069062803512e+00
1.766454385039000101e+02 1.412642186895509022e+00
1.777562393539000141e+02 1.421229382099647776e+00
1.788697304538999902e+02 1.429737082366508538e+00
1.795420617372000152e+02 1.434829690715553552e+00
1.805099210872000128e+02 1.442110207478716211e+00
1.811313602538999987e+02 1.446753877088947426e+00
1.822794989539000028e+02 1.455277483649586090e+00
1.834303279539000187e+02 1.463752709438178368e+00
1.845971355538999887e+02 1.472279452491987772e+00
1.857666334039000162e+02 1.480762232582542914e+00
1.866163196371999788e+02 1.486885438324424102e+00
1.876321149372000150e+02 1.494162043597660139e+00
1.881402767538999967e+02 1.497784191824439670e+00
1.893444222038999953e+02 1.506317323256804563e+00
1.905512579538999773e+02 1.514797179692276341e+00
1.908502106871999899e+02 1.516886215799936988e+00
1.918979632372000026e+02 1.524169310319056114e+00
1.929995769539000037e+02 1.531761335916735245e+00
1.939332733372000064e+02 1.538140683180070134e+00
1.949970045371999845e+02 1.545343485806197403e+00
1.954852338039000017e+02 1.548625909003574552e+00
1.967453860538999777e+02 1.557025459512986876e+00
1.980082285538999827e+02 1.565335082682002499e+00
1.983165158871999836e+02 1.567346844180071308e+00
1.994122043872000063e+02 1.574441363745114675e+00
2.005685611038999809e+02 1.581833954079303384e+00
2.014929228372000125e+02 1.587671668503351841e+00
2.026045899872000007e+02 1.594606051217633214e+00
2.031662315039000077e+02 1.598073505869101130e+00
2.044823904538999955e+02 1.606103477064253493e+00
2.058012397539000062e+02 1.614013878135146740e+00
2.071360676538999996e+02 1.621881122691542609e+00
2.091013748372000123e+02 1.633210117833197694e+00
2.104548716871999829e+02 1.640836396674638209e+00
2.123588515039000129e+02 1.651325711835021748e+00
2.151218519039000228e+02 1.666061116992853863e+00
2.171383455872000070e+02 1.676457663771754314e+00
2.185478491872000006e+02 1.683550161935632561e+00
2.205360891872000195e+02 1.693318954183850478e+00
2.219642615872000135e+02 1.700168084693485682e+00
2.236348800538999910e+02 1.708007573152173997e+00
2.254180125872000247e+02 1.716175137146858987e+00
2.268835230872000182e+02 1.722736867590495935e+00
2.289091010872000140e+02 1.731590597215889593e+00
2.303932800871999973e+02 1.737922249406374187e+00
2.324375265871999829e+02 1.746437730880512795e+00
2.354618920871999990e+02 1.758621378322360984e+00
2.375248080871999719e+02 1.766659131831866736e+00
2.390649940872000059e+02 1.772524527023237262e+00
2.411465790871999957e+02 1.780279864355140518e+00
2.427054340872000182e+02 1.785963347402402590e+00
2.448054375539000205e+02 1.793464227118426013e+00
2.479791540539000039e+02 1.804489516410033190e+00
2.500983265872000061e+02 1.811656276591468995e+00
2.517131885871999941e+02 1.817022006087400943e+00
2.538507800872000075e+02 1.824008231127803414e+00
2.554843105872000422e+02 1.829261751191399110e+00
2.576405710871999872e+02 1.836091551469529293e+00
2.592927705871999819e+02 1.841247164175858542e+00
2.610473990538999942e+02 1.846652169159506807e+00
2.631385685871999840e+02 1.853002773752648658e+00
2.648281060872000126e+02 1.858062310859736721e+00
2.670217045871999630e+02 1.864537709647595021e+00
2.687299110872000369e+02 1.869506719443527309e+00
2.709421780872000340e+02 1.875845466402638273e+00
2.726690530872000409e+02 1.880716558546922323e+00
2.747130500539000764e+02 1.886392919145615021e+00
2.766455335872000205e+02 1.891668431505810322e+00
2.784097465872000043e+02 1.896405175893079331e+00
2.806593520871999772e+02 1.902332300864410852e+00
2.824422340871999495e+02 1.906938188694755842e+00
2.847105080872000258e+02 1.912678835217523243e+00
2.865120590871999866e+02 1.917141966670246278e+00
2.887990015871999958e+02 1.922684234213173360e+00
2.906192215871999451e+02 1.926996541431691856e+00
2.926352150539000263e+02 1.931671382865257414e+00
2.947637220872000512e+02 1.936492916471994397e+00
2.966212800872000344e+02 1.940606618312865406e+00
2.989455610872000193e+02 1.945634401278806491e+00
3.008217875871999922e+02 1.949598647963897369e+00
3.031647370871999669e+02 1.954436545009626602e+00
3.050596325871999852e+02 1.958261049157012046e+00
3.074212510872000053e+02 1.962923849267931731e+00
3.093348155871999552e+02 1.966621178116761071e+00
3.114908260538999798e+02 1.970705964547827316e+00
3.136473365871999590e+02 1.974710719638047562e+00
3.155982385872000009e+02 1.978267756577490433e+00
3.179971950871999979e+02 1.982561857859717946e+00
3.199667665872000271e+02 1.986024424114811282e+00
3.223843920872000126e+02 1.990202201004632299e+00
3.243726320871999746e+02 1.993580420276599652e+00
3.268089260871999500e+02 1.997652875476720213e+00
3.288158350872000142e+02 2.000953807261018902e+00
3.312707985871999767e+02 2.004928066917210483e+00
3.353406235872000138e+02 2.011367494622230634e+00
3.378142555872000230e+02 2.015191504881958195e+00
3.398771715871999959e+02 2.018329543055111586e+00
3.423694725872000504e+02 2.022059418959156307e+00
3.444510575872000118e+02 2.025123299970827517e+00
3.469620275871999979e+02 2.028757411816492606e+00
3.490622810872000059e+02 2.031745281410316295e+00
3.515919200871999806e+02 2.035281873108612416e+00
3.537108425872000339e+02 2.038192246890730530e+00
3.562589000538999926e+02 2.041630019058573886e+00
3.605527520539000079e+02 2.047272706295545586e+00
3.631199790872000221e+02 2.050556885783636485e+00
3.652949085871999841e+02 2.053288091898598733e+00
3.678805540872000392e+02 2.056475463935210968e+00
3.700741525871999897e+02 2.059129694618156758e+00
3.726784675871999752e+02 2.062223104515724881e+00
3.748907345872000292e+02 2.064802414065749936e+00
3.775137180872000044e+02 2.067804583142648589e+00
3.797446540871999900e+02 2.070311151089081037e+00
3.823863060872000119e+02 2.073225077064453803e+00
3.846359115872000416e+02 2.075661187303458277e+00
3.870999595539000211e+02 2.078282936305147821e+00
3.895645070871999565e+02 2.080857595818922601e+00
3.918514495872000225e+02 2.083204960754423407e+00
3.945304400871999633e+02 2.085904874001363485e+00
3.968360520871999597e+02 2.088186160109708922e+00
3.995337110872000039e+02 2.090806994047674117e+00
4.018579920871999889e+02 2.093024077583862663e+00
4.045743200872000216e+02 2.095568420972254042e+00
4.069172695872000531e+02 2.097723381179069868e+00
4.096522665872000175e+02 2.100193880091103527e+00
4.120138850872000376e+02 2.102288915605687425e+00
4.147675510872000473e+02 2.104688520539218732e+00
4.171478385871999990e+02 2.106726163499367921e+00
4.197705720539000822e+02 2.108933436697538522e+00
4.223191300872000511e+02 2.111041344891444460e+00
4.247367555871999798e+02 2.113008389131037390e+00
4.275277595872000234e+02 2.115241276232247447e+00
4.299640535871999987e+02 2.117158099973674101e+00
4.327737260872000320e+02 2.119332840436702892e+00
4.352286895872000514e+02 2.121202490244182393e+00
4.380570310872000164e+02 2.123322555982258386e+00
4.405306630872000255e+02 2.125147739781467315e+00
4.433776735871999790e+02 2.127216087693736490e+00
4.458699745872000335e+02 2.128998991606756430e+00
4.487356540871999755e+02 2.131017895391983163e+00
4.512466240872000185e+02 2.132760063293046127e+00
4.541309725871999490e+02 2.134731011502650322e+00
4.566606115871999236e+02 2.136433286872361226e+00
4.593486865539000519e+02 2.138215628647033739e+00
4.621119370872000331e+02 2.140019609780230869e+00
4.646789135872000429e+02 2.141670004507525427e+00
4.676005995871999517e+02 2.143518885244581007e+00
4.701862450872000068e+02 2.145128960467702406e+00
4.731266005871999596e+02 2.146930296498544610e+00
4.757309150872000032e+02 2.148499562163703303e+00
4.786899390872000026e+02 2.150252956741543375e+00
4.813129225871999779e+02 2.151781060793581002e+00
4.842906155872000227e+02 2.153486366357895587e+00
4.869322680871999864e+02 2.154973257849393420e+00
4.899286300872000197e+02 2.156630756070213373e+00
4.925889515872000288e+02 2.158076848779732160e+00
4.956039825871999938e+02 2.159687379372271732e+00
4.982829730872000482e+02 2.161093552923051941e+00
5.013164225538999972e+02 2.162658327391487223e+00
5.067304095539000173e+02 2.165381665435575087e+00
5.097830285872000786e+02 2.166878720763128374e+00
5.125180255871999861e+02 2.168197559341010994e+00
5.155890630871999747e+02 2.169654065354731820e+00
5.183427290872000412e+02 2.170938736917895628e+00
5.214324355872000751e+02 2.172357077124699831e+00
5.242047705872000734e+02 2.173609513874403376e+00
5.273131460872000389e+02 2.174991847873354978e+00
5.301041500871999688e+02 2.176213834671417935e+00
5.332311945871999797e+02 2.177562085153676108e+00
5.360408670872000130e+02 2.178755154020809659e+00
5.391865800872000136e+02 2.180070926321795888e+00
5.420149215871999786e+02 2.181236311654794591e+00
5.451793040871999665e+02 2.182520884835937203e+00
5.480263145872000905e+02 2.183659566922479200e+00
5.512093655871999545e+02 2.184913940156485879e+00
5.540750450872000101e+02 2.186026609574160506e+00
5.571364980539000271e+02 2.187198209364181523e+00
5.601611135872000204e+02 2.188338659904038863e+00
5.630641310871999394e+02 2.189417543436167790e+00
5.662845200872001215e+02 2.190596650318918925e+00
5.692062060872000302e+02 2.191650456250907819e+00
5.724452640872000302e+02 2.192801310344983712e+00
5.753856195872000399e+02 2.193830366289998057e+00
5.786433465871999715e+02 2.194953376941775502e+00
5.816023705872000846e+02 2.195958014227704869e+00
5.848787660872000060e+02 2.197053596134487918e+00
5.878564590872000508e+02 2.198034191742189503e+00
5.911515240871999595e+02 2.199102856794713734e+00
5.941478860872000496e+02 2.200059865119887714e+00
5.974616195871999480e+02 2.201102173709057475e+00
6.004766505871999698e+02 2.202036104796446292e+00
6.038090530872001409e+02 2.203052693277101959e+00
6.068427525872000388e+02 2.203964107270288242e+00
6.101938240872000279e+02 2.204955645490425109e+00
6.132461930872000266e+02 2.205845142433933592e+00
6.166159335872000611e+02 2.206812336168216149e+00
6.196869710871999359e+02 2.207680517707303114e+00
6.228511030539000330e+02 2.208562051142266114e+00
6.261650865871999940e+02 2.209471510973101349e+00
6.292734620871999596e+02 2.210311931526451446e+00
6.326805405871999710e+02 2.211219402901328568e+00
6.358075850871999819e+02 2.212039886142314060e+00
6.392333320871999831e+02 2.212925422637580297e+00
6.423790450871999838e+02 2.213726524600105439e+00
6.458234610872001440e+02 2.214590765351514445e+00
6.489878435872000182e+02 2.215373039190142279e+00
6.524509285871999964e+02 2.216216600382924451e+00
6.556339795871999740e+02 2.216980589751163411e+00
6.591157335871999976e+02 2.217804103032707363e+00
6.623174535872000206e+02 2.218550370998237931e+00
6.658178765871999758e+02 2.219354476201170989e+00
6.690382655872000441e+02 2.220083590112451599e+00
6.725573570871999891e+02 2.220868935166121716e+00
6.757964150871999891e+02 2.221581480928231045e+00
6.793341755871999794e+02 2.222348732932446058e+00
6.825919025872000248e+02 2.223045299536498653e+00
6.861483325872000023e+02 2.223795101329709478e+00
6.894247280871999237e+02 2.224476231714582752e+00
6.929998265872000047e+02 2.225209178408884991e+00
6.962948915872000271e+02 2.225875406075987328e+00
6.996923850539000114e+02 2.226553210478973366e+00
7.032023920871998826e+02 2.227243937238370108e+00
7.065347945871999400e+02 2.227890910449104034e+00
7.101472310871999980e+02 2.228582761632364573e+00
7.134983025871999871e+02 2.229215869955323726e+00
7.171294080871999768e+02 2.229892631784895052e+00
7.204991485872000112e+02 2.230512189730192052e+00
7.241489225871999906e+02 2.231174170759655517e+00
7.275373315872000148e+02 2.231780415496730008e+00
7.312057745872000396e+02 2.232427856977875269e+00
7.346128530871999374e+02 2.233020965500049471e+00
7.382999655871999494e+02 2.233654038435416656e+00
7.417257125872000643e+02 2.234234136458096653e+00
7.454314930872000105e+02 2.234852980975341463e+00
7.488759090871999433e+02 2.235420174994455778e+00
7.526003590871999904e+02 2.236024914953111953e+00
7.560634440871999686e+02 2.236579315301114868e+00
7.598065630872000611e+02 2.237170100143342832e+00
7.632883170871999710e+02 2.237711847086503614e+00
7.670501045871999395e+02 2.238288865293716512e+00
7.705505270871999528e+02 2.238818155958016032e+00
7.743309840872000223e+02 2.239381671502093774e+00
7.778500760872000228e+02 2.239898770088881719e+00
7.816492015872000820e+02 2.240449124126042690e+00
7.851869620872000723e+02 2.240954391249107225e+00
7.890045065539000007e+02 2.241491993120277915e+00
7.961360350538999455e+02 2.242475892303394502e+00
7.999727485871999306e+02 2.242994395546056285e+00
8.035665155872000014e+02 2.243473476123358346e+00
8.074216475872000274e+02 2.243980511743041806e+00
8.110340840871999717e+02 2.244449312081818970e+00
8.149078855872000986e+02 2.244945434113595706e+00
8.185389910872000883e+02 2.245404412177510522e+00
8.224314610871999776e+02 2.245890086343159897e+00
8.260812350872000707e+02 2.246339651348938204e+00
8.299923740872000053e+02 2.246815307712757726e+00
8.336608170871999164e+02 2.247255812029626210e+00
8.375906250872000101e+02 2.247721774623591795e+00
8.412777370871999665e+02 2.248153480126412695e+00
8.452262140871999918e+02 2.248610012007579595e+00
8.489319950871999936e+02 2.249033120455066648e+00
8.528991410872000642e+02 2.249480396580158192e+00
8.566235910871999977e+02 2.249895022887195228e+00
8.606094060872000000e+02 2.250333143279648507e+00
8.643525250871999788e+02 2.250739366594507906e+00
8.683570085872000845e+02 2.251168424727860273e+00
8.721187960872000531e+02 2.251566324733052404e+00
8.761419485871999768e+02 2.251986407745968588e+00
8.799224055871999326e+02 2.252376051064642226e+00
8.839642275872000710e+02 2.252787233629286234e+00
8.877633530872000165e+02 2.253168692089959180e+00
8.918238430871999753e+02 2.253571067748025847e+00
8.956416375871999662e+02 2.253944427663789440e+00
8.997207970872000260e+02 2.254338106293963140e+00
9.035572605872000622e+02 2.254703483972420930e+00
9.075894975539000598e+02 2.255082504182631453e+00
9.115102210871999660e+02 2.255446210618155867e+00
9.153840225872000929e+02 2.255800966403905594e+00
9.195005195872000741e+02 2.256173031497223480e+00
9.233929895871999634e+02 2.256520273199295268e+00
9.275281560872000455e+02 2.256884398162977146e+00
9.314392950871998664e+02 2.257224357376076629e+00
9.355931300871998246e+02 2.257580788024374119e+00
9.395229380871999183e+02 2.257913697426252142e+00
9.436954420871999218e+02 2.258262696934499658e+00
9.476439190872000609e+02 2.258588796979250191e+00
9.518350920871997687e+02 2.258930608493265879e+00
9.558022380871999530e+02 2.259250112251956377e+00
9.600120800871999336e+02 2.259584958122858200e+00
9.639978950871999359e+02 2.259898067553289369e+00
9.682264055872000199e+02 2.260226164716768960e+00
9.722308890872000120e+02 2.260533080659966387e+00
9.764780685872000277e+02 2.260854639317412484e+00
9.805012210872000651e+02 2.261155534439679204e+00
9.847670700872000680e+02 2.261470719743002178e+00
9.888088915872000371e+02 2.261765749293090710e+00
9.930934090872001434e+02 2.262074737674579783e+00
9.971538995872001578e+02 2.262364056160443671e+00
1.001457086087199968e+03 2.262666998262056417e+00
1.005536245587200028e+03 2.262950733355702848e+00
1.009858100587200056e+03 2.263247763645172661e+00
1.013955929087200161e+03 2.263526040599876943e+00
1.018296452087200009e+03 2.263817293592885083e+00
1.022412949087199991e+03 2.264090230058307451e+00
1.026772144087199877e+03 2.264375821905704189e+00
1.030907310587199845e+03 2.264643508224276403e+00
1.035285170587200128e+03 2.264923528007758868e+00
1.039439005587200199e+03 2.265186047284700077e+00
1.043835540587200057e+03 2.265460587217551502e+00
1.048008044587199947e+03 2.265718019767521962e+00
1.052422992553900031e+03 2.265987144644641571e+00
1.060824007053900004e+03 2.266490148573100161e+00
1.065258124087200031e+03 2.266750846097552952e+00
1.069486635087200057e+03 2.266996435919615749e+00
1.073939175087199828e+03 2.267251898036021895e+00
1.078186354587199958e+03 2.267492612374166328e+00
1.082657559587200012e+03 2.267742938326868796e+00
1.086923408587199901e+03 2.267978852807632784e+00
1.091413283587200112e+03 2.268224127812777269e+00
1.095697801087200105e+03 2.268455331455406565e+00
1.100206346087200018e+03 2.268695668328667203e+00
1.104509532587199828e+03 2.268922276615097378e+00
1.109036747587200125e+03 2.269157806467316796e+00
1.113358602587200266e+03 2.269379951321187860e+00
1.117904487587200038e+03 2.269610822900899549e+00
1.122245012087200166e+03 2.269828644247797289e+00
1.126809562087199993e+03 2.270055007055581164e+00
1.131168757087199992e+03 2.270268657263253775e+00
1.135751977087200203e+03 2.270490684844012730e+00
1.140129837087200031e+03 2.270700320648852966e+00
1.144731727087200170e+03 2.270918165149811152e+00
1.149128257087199700e+03 2.271123921084070130e+00
1.153748812087199894e+03 2.271337720962920859e+00
1.158164012087200035e+03 2.271539726238041901e+00
1.162803242087200033e+03 2.271749611511050482e+00
1.167237112087200103e+03 2.271947968938628382e+00
1.171895007087200156e+03 2.272154032078077979e+00
1.176347547087199928e+03 2.272348823781094485e+00
1.181024112087200137e+03 2.272551148225705919e+00
1.185495317087199965e+03 2.272742440992556734e+00
1.190190552087199876e+03 2.272941085620990176e+00
1.194680427087199860e+03 2.273128923445208116e+00
1.199394327087200054e+03 2.273323927930215316e+00
1.203902872087199967e+03 2.273508341989896042e+00
1.208635447087199964e+03 2.273699737100292051e+00
1.213162662087199806e+03 2.273880752897511570e+00
1.217913902087199858e+03 2.274068566889228649e+00
1.222459782087199983e+03 2.274246211725540867e+00
1.227229692087199965e+03 2.274430482647237461e+00
1.231794247087199892e+03 2.274604803725901903e+00
1.236582822087199929e+03 2.274785583719841409e+00
1.241166042087200140e+03 2.274956619811526082e+00
1.245870359553900016e+03 2.275130180188899232e+00
1.250575177087200018e+03 2.275301767896527938e+00
1.255195737087199859e+03 2.275468375788328945e+00
1.260021652087199982e+03 2.275640405473285721e+00
1.264660877087199879e+03 2.275803895137356037e+00
1.269505462087200158e+03 2.275972680256039382e+00
1.274163362087200085e+03 2.276133128527886740e+00
1.279026617087200066e+03 2.276298775435027011e+00
1.283703182087200048e+03 2.276456284209027014e+00
1.288585102087200084e+03 2.276618881900184910e+00
1.293280332087199895e+03 2.276773533414128803e+00
1.298180927087200189e+03 2.276933178431175708e+00
1.302894832087199802e+03 2.277085063031478729e+00
1.307814092087200152e+03 2.277241841080634099e+00
1.312546662087200048e+03 2.277391033596775749e+00
1.317484592087199871e+03 2.277545019615344390e+00
1.322235832087199924e+03 2.277691589510178360e+00
1.327192432087199904e+03 2.277842856748288458e+00
1.331962342087199886e+03 2.277986869870854747e+00
1.336937607087200149e+03 2.278135480621709785e+00
1.341726187087199833e+03 2.278276988669392988e+00
1.346720127087199899e+03 2.278422990844811036e+00
1.351527372087200092e+03 2.278562031469088200e+00
1.356539977087199986e+03 2.278705460810595440e+00
1.361365897087199983e+03 2.278842072274850583e+00
1.366397172087200033e+03 2.278982974140657980e+00
1.371241757087200085e+03 2.279117191892678029e+00
1.376291697087199964e+03 2.279255596031396713e+00
1.381154952087199945e+03 2.279387449450963832e+00
1.386223567087199854e+03 2.279523394001607972e+00
1.391105487087200117e+03 2.279652926731250862e+00
1.396192767087199854e+03 2.279786462976178818e+00
1.401093362087199921e+03 2.279913720737009708e+00
1.406199312087200042e+03 2.280044891424863884e+00
1.411118572087199937e+03 2.280169912269898624e+00
1.416243192087199986e+03 2.280298758526022151e+00
1.421181122087200265e+03 2.280421581919288787e+00
1.426324407087199916e+03 2.280548148175490564e+00
1.431281002087200022e+03 2.280668822295544462e+00
1.436442962087200158e+03 2.280793163798508605e+00
1.441418232087200067e+03 2.280911740954426836e+00
1.446598857087200031e+03 2.281033907027595120e+00
1.451592792087199996e+03 2.281150423248749615e+00
1.456792087087199889e+03 2.281270447147578651e+00
1.461804692087200010e+03 2.281384937157121318e+00
1.467022657087200059e+03 2.281502860622208306e+00
1.472053932087200110e+03 2.281615368305225822e+00
1.477290562087200215e+03 2.281731239963456392e+00
1.482340507087200194e+03 2.281841811715023649e+00
1.487595807087200001e+03 2.281955675789374194e+00
1.497751702087200101e+03 2.282172314133166680e+00
1.503025672087200064e+03 2.282283057396612858e+00
1.508131622087199958e+03 2.282389159528400935e+00
1.513424262087199850e+03 2.282498006277296820e+00
1.518548877087199799e+03 2.282602306206215736e+00
1.523860187087200075e+03 2.282709285113530662e+00
1.529003477087200054e+03 2.282811812189688982e+00
1.534333452087200158e+03 2.282916972726204197e+00
1.539495407087199965e+03 2.283017770556000414e+00
1.544844057087199872e+03 2.283121137968585845e+00
1.550024687087200164e+03 2.283220234246688740e+00
1.555392002087199899e+03 2.283321859069616711e+00
1.560591297087200019e+03 2.283419300882493008e+00
1.565977277087200264e+03 2.283519215197477248e+00
1.571195237087199985e+03 2.283615034086981410e+00
1.576599892087200033e+03 2.283713281894323543e+00
1.581836527087200011e+03 2.283807510047958012e+00
1.587259847087199887e+03 2.283904107103849057e+00
1.592515147087200148e+03 2.283996772323953373e+00
1.597957137087200181e+03 2.284091774593724367e+00
1.603231107087200144e+03 2.284182923407727106e+00
1.608691767087199878e+03 2.284276353575229734e+00
1.613984407087199997e+03 2.284366001751357622e+00
1.619463737087199888e+03 2.284457883165186054e+00
1.624775047087200164e+03 2.284546056680691883e+00
1.630273047087199984e+03 2.284636419666145279e+00
1.635603022087199861e+03 2.284723148572392670e+00
1.641119687087199964e+03 2.284812021808549254e+00
1.646468332087199997e+03 2.284897329933095023e+00
1.652003667087200029e+03 2.284984735617214380e+00
1.657370982087199991e+03 2.285068640702948795e+00
1.662924987087199952e+03 2.285154596783746772e+00
1.668310972087200071e+03 2.285237122104197827e+00
1.673883642087199860e+03 2.285321654094084831e+00
1.679288297087199908e+03 2.285402808731173074e+00
1.684879642087200182e+03 2.285485920320026842e+00
1.690302962087199830e+03 2.285565731462759764e+00
1.695912972087199933e+03 2.285647471092267846e+00
1.701354962087199965e+03 2.285725972884677937e+00
1.706983642087199996e+03 2.285806359587208458e+00
1.712444302087200185e+03 2.285883572392364282e+00
1.718091652087200146e+03 2.285962634788859305e+00
1.723570982087200036e+03 2.286038587394890964e+00
1.729236997087199825e+03 2.286116355819974633e+00
1.734734992087199998e+03 2.286191079421151962e+00
1.740419682087200044e+03 2.286267586625029935e+00
1.745936352087199793e+03 2.286341109837188856e+00
1.751639707087200122e+03 2.286416385564249865e+00
1.757175042087199927e+03 2.286488740420703714e+00
1.762897067087199957e+03 2.286562816590485880e+00
1.768451067087199817e+03 2.286634025902351652e+00
1.774191757087199903e+03 2.286706923030194183e+00
1.779764432087200021e+03 2.286777009916524772e+00
1.785523797087200137e+03 2.286848753597287232e+00
1.791115137087200310e+03 2.286917740494935902e+00
1.796893167087200254e+03 2.286988356472324124e+00
1.802503182087200003e+03 2.287056275225729518e+00
1.808299882087200103e+03 2.287125788038070873e+00
1.813928562087199907e+03 2.287192636773637044e+00
1.819743932087199710e+03 2.287261041303148446e+00
1.825391277087199796e+03 2.287326836465519708e+00
1.831141054553899949e+03 2.287393191867566067e+00
1.836891337087200100e+03 2.287458921258342492e+00
1.842576022087200045e+03 2.287523280375337809e+00
1.848428727087200059e+03 2.287588898586604191e+00
1.854132082087199933e+03 2.287652229691661265e+00
1.860003457087200331e+03 2.287716810537862244e+00
1.865725482087200135e+03 2.287779150279727336e+00
1.871615527087199780e+03 2.287842707157742961e+00
1.877356222087199967e+03 2.287904058181033928e+00
1.883264937087199769e+03 2.287966597478795272e+00
1.889024297087200011e+03 2.288026970623592504e+00
1.894951677087199869e+03 2.288088510792129160e+00
1.900729712087200369e+03 2.288147929893605159e+00
1.906675767087200029e+03 2.288208499149492425e+00
1.912472467087200130e+03 2.288266990485652741e+00
1.918437187087200300e+03 2.288326611593006543e+00
1.924252557087200103e+03 2.288384194506364988e+00
1.930235947087200429e+03 2.288442886763455419e+00
1.936069982087200287e+03 2.288499578578719884e+00
1.942072037087199760e+03 2.288557357762774913e+00
1.947924747087200103e+03 2.288613170908601724e+00
1.953945477087199833e+03 2.288670048987579975e+00
1.959816852087200004e+03 2.288725003078142084e+00
1.965856247087200018e+03 2.288781011289136025e+00
1.971746292087199890e+03 2.288835131189417282e+00
1.977804357087200287e+03 2.288890280687928325e+00
1.983713067087199988e+03 2.288943572758809886e+00
1.989789802087200087e+03 2.288997873721639209e+00
1.995717187087200045e+03 2.289050352857827431e+00
2.001812587087200200e+03 2.289103824882776639e+00
2.007758637087200214e+03 2.289155508118909665e+00
2.013872712087199943e+03 2.289208163231194693e+00
2.019837432087199886e+03 2.289259057136350251e+00
2.025970172087200126e+03 2.289310900243055613e+00
2.031953562087199998e+03 2.289361014968403829e+00
2.038104972087199940e+03 2.289412068083028995e+00
2.044107032087199968e+03 2.289461434754351821e+00
2.050277112087199839e+03 2.289511729124038997e+00
2.056297837087200151e+03 2.289560361986069381e+00
2.062486582087200077e+03 2.289609897133067840e+00
2.068525982087200191e+03 2.289657796674502421e+00
2.074733397087200046e+03 2.289706582384438249e+00
2.080791462087200216e+03 2.289753764926619972e+00
2.087017547087200001e+03 2.289801819186455312e+00
2.093094277087199771e+03 2.289848297119052134e+00
2.099339032087199939e+03 2.289895629241367025e+00
2.105434437087199967e+03 2.289941413144890081e+00
2.111697862087199610e+03 2.289988032040000565e+00
2.117811932087200148e+03 2.290033120829032764e+00
2.124094022087199846e+03 2.290079029745794692e+00
2.130226767087199732e+03 2.290123454323500951e+00
2.136527532087200143e+03 2.290168695787351272e+00
2.142678942087200085e+03 2.290212470904471775e+00
2.148998372087200096e+03 2.290257036727621820e+00
2.155168447087200093e+03 2.290300154929444609e+00
2.161506542087199705e+03 2.290344051633776967e+00
2.167695292087199959e+03 2.290386539341825234e+00
2.174052062087200284e+03 2.290429797022822012e+00
2.180259477087200139e+03 2.290471661005385240e+00
2.186634912087200064e+03 2.290514273690073210e+00
2.192860997087199848e+03 2.290555517412853348e+00
2.199255107087200031e+03 2.290597499731176434e+00
2.205499862087199745e+03 2.290638141733757127e+00
2.211912632087200109e+03 2.290679507779959323e+00
2.218176057087199752e+03 2.290719547892332120e+00
2.224607502087199919e+03 2.290760296051259193e+00
2.230889592087200072e+03 2.290799748098276023e+00
2.237339707087200168e+03 2.290839900685322839e+00
2.243640467087199795e+03 2.290878780069686815e+00
2.250109247087199947e+03 2.290918345813548918e+00
2.256428677087199958e+03 2.290956657852270428e+00
2.262916127087200039e+03 2.290995646054756030e+00
2.269254227087199979e+03 2.291033408864578735e+00
2.275760347087199989e+03 2.291071834331219303e+00
2.282117117087199858e+03 2.291109044448531140e+00
2.288641902087199924e+03 2.291146903031746618e+00
2.295017337087199849e+03 2.291183574805402579e+00
2.301485869553899647e+03 2.291220462688586590e+00
2.307954902087200026e+03 2.291257035520257723e+00
2.314367677087200263e+03 2.291292977132713293e+00
2.320929802087199732e+03 2.291329433634262003e+00
2.327361247087199899e+03 2.291364847321121889e+00
2.333942042087199752e+03 2.291400758929635018e+00
2.340392152087199975e+03 2.291435652297143744e+00
2.346991617087199756e+03 2.291471054344196290e+00
2.353460402087199782e+03 2.291505459649394894e+00
2.360078532087199619e+03 2.291540354278137404e+00
2.366565982087199700e+03 2.291574259944060721e+00
2.373202787087199795e+03 2.291608639282912474e+00
2.379708907087199805e+03 2.291642047082210976e+00
2.386364377087199955e+03 2.291675927533010082e+00
2.392889162087200020e+03 2.291708860970426809e+00
2.399563302087200555e+03 2.291742265369941300e+00
2.406106762087199968e+03 2.291774734712914263e+00
2.412799567087199648e+03 2.291807656382359504e+00
2.419361692087200026e+03 2.291839661690441510e+00
2.426073172087199964e+03 2.291872124125721388e+00
2.432653967087200272e+03 2.291903687829632830e+00
2.439384112087199810e+03 2.291935695354046842e+00
2.445983577087200047e+03 2.291966818664731509e+00
2.452732392087199514e+03 2.291998381400160767e+00
2.459350522087199806e+03 2.292029071919560845e+00
2.466118007087199658e+03 2.292060188697766066e+00
2.472754807087199879e+03 2.292090449237976113e+00
2.479540962087200114e+03 2.292121133592701199e+00
2.486196437087200138e+03 2.292150972813175258e+00
2.493001257087199974e+03 2.292181220829947463e+00
2.499675392087199725e+03 2.292210634013326587e+00
2.506498882087199945e+03 2.292240448746970749e+00
2.513191692087200408e+03 2.292269445345541889e+00
2.520033852087200103e+03 2.292298840417792416e+00
2.526745332087200040e+03 2.292327432506158669e+00
2.533606162087200119e+03 2.292356417129468582e+00
2.540336307087199657e+03 2.292384614486500993e+00
2.547215802087200245e+03 2.292413199750682029e+00
2.553964617087199713e+03 2.292441008579918282e+00
2.560862787087199649e+03 2.292469194734025884e+00
2.567630272087199955e+03 2.292496614828997359e+00
2.574547107087200402e+03 2.292524404042209252e+00
2.581333257087199854e+03 2.292551436958915723e+00
2.588268762087199775e+03 2.292578833438191577e+00
2.595073587087200394e+03 2.292605496387637665e+00
2.602027757087199916e+03 2.292632527250712204e+00
2.608851247087200136e+03 2.292658835767880543e+00
2.615824092087199915e+03 2.292685502241484929e+00
2.622666252087200064e+03 2.292711458448230655e+00
2.629657762087199899e+03 2.292737766660847498e+00
2.636518592087199977e+03 2.292763370622415309e+00
2.643528772087200196e+03 2.292789317924469827e+00
2.650408267087200329e+03 2.292814578234930956e+00
2.657437117087200022e+03 2.292840181724260518e+00
2.664335282087200540e+03 2.292865106606547076e+00
2.671382802087199707e+03 2.292890364302055062e+00
2.678299642087200027e+03 2.292914951759948750e+00
2.685365827087200159e+03 2.292939865832385848e+00
2.692301327087199752e+03 2.292964120884383838e+00
2.699386182087199813e+03 2.292988696742302768e+00
2.706340357087200118e+03 2.293012621638159221e+00
2.713443882087200109e+03 2.293036860866672466e+00
2.720416727087200343e+03 2.293060461751403878e+00
2.727538922087199808e+03 2.293084374253770097e+00
2.734530432087200097e+03 2.293107659497255035e+00
2.741671292087199618e+03 2.293131250880494854e+00
2.748681472087200291e+03 2.293154223692361438e+00
2.755841007087200069e+03 2.293177495196832005e+00
2.762869857087199762e+03 2.293200154673714408e+00
2.770048057087200050e+03 2.293223104058301764e+00
2.777095572087200253e+03 2.293245446469838189e+00
2.784292442087200016e+03 2.293268072885741748e+00
2.791358632087200021e+03 2.293290107817113732e+00
2.798574167087199839e+03 2.293312429056899582e+00
2.805659022087199901e+03 2.293334174430225580e+00
2.812893232087199976e+03 2.293356206855611035e+00
2.819996757087199967e+03 2.293377676283531841e+00
2.827249632087199643e+03 2.293399423395003911e+00
2.834371822087200144e+03 2.293420600767825057e+00
2.841643367087199749e+03 2.293442044577322481e+00
2.848784232087199598e+03 2.293462935040806894e+00
2.856074447087199587e+03 2.293484093866176909e+00
2.863233977087199946e+03 2.293504709931325269e+00
2.870542857087199991e+03 2.293525592161193227e+00
2.877721057087200279e+03 2.293545942750151667e+00
2.885048612087200127e+03 2.293566554870591023e+00
2.892245482087199889e+03 2.293586639685645689e+00
2.899591702087200247e+03 2.293606979390525602e+00
2.906807242087199938e+03 2.293626799426175644e+00
2.914172132087199770e+03 2.293646869266898758e+00
2.921406337087199972e+03 2.293666426097107802e+00
2.928789892087199860e+03 2.293686228803279104e+00
2.936042772087200319e+03 2.293705528025059781e+00
2.943445002087200010e+03 2.293725068322918226e+00
2.950716547087200070e+03 2.293744109821465926e+00
2.958137442087200270e+03 2.293763387142618182e+00
2.965427652087199931e+03 2.293782174157893206e+00
2.972867217087200061e+03 2.293801195406931726e+00
2.980176102087199979e+03 2.293819737654210655e+00
2.987568744553900160e+03 2.293838347158829283e+00
2.994961887087200466e+03 2.293856812596852812e+00
3.002308107087199915e+03 2.293875015774261339e+00
3.009785012087199902e+03 2.293893393361739363e+00
3.017149902087200189e+03 2.293911355703846855e+00
3.024645472087199778e+03 2.293929501693586559e+00
3.032029032087199994e+03 2.293947242169666723e+00
3.039543272087199966e+03 2.293965158618625821e+00
3.046945502087199657e+03 2.293982672880607865e+00
3.054478412087200013e+03 2.294000359740673289e+00
3.061899307087200214e+03 2.294017649194453501e+00
3.069450887087200044e+03 2.294035107034987142e+00
3.076890452087199719e+03 2.294052176316353275e+00
3.084460702087200389e+03 2.294069417859354143e+00
3.091918937087199993e+03 2.294086279108434656e+00
3.099507852087199808e+03 2.294103308086821613e+00
3.106984752087199922e+03 2.294119955236197050e+00
3.114592337087199667e+03 2.294136757338885335e+00
3.122087912087199584e+03 2.294153182962358706e+00
3.129714167087200167e+03 2.294169768166504308e+00
3.137228407087200594e+03 2.294185985428647268e+00
3.144873332087200197e+03 2.294202359145699255e+00
3.152406242087200098e+03 2.294218372639917458e+00
3.160069832087200211e+03 2.294234544081718674e+00
3.167621412087200497e+03 2.294250358203699491e+00
3.175303672087200084e+03 2.294266321165260525e+00
3.182873917087199970e+03 2.294281930731409513e+00
3.190574847087199942e+03 2.294297689163592668e+00
3.198163767087200085e+03 2.294313100995555299e+00
3.205883367087199986e+03 2.294328660502780615e+00
3.213490952087200185e+03 2.294343879898181449e+00
3.221229222087200014e+03 2.294359245418796434e+00
3.228855477087200143e+03 2.294374274020928972e+00
3.236612412087200028e+03 2.294389443338372025e+00
3.244257332087199757e+03 2.294404278890079585e+00
3.252032937087199571e+03 2.294419252701686229e+00
3.259696532087200012e+03 2.294433900940278104e+00
3.267490807087200210e+03 2.294448690172118610e+00
3.275173067087199797e+03 2.294463159517239781e+00
3.282986012087199470e+03 2.294477766403552721e+00
3.290686942087199895e+03 2.294492059141364670e+00
3.298518557087199952e+03 2.294506489917586212e+00
3.306238157087199852e+03 2.294520612123040149e+00
3.314088437087199964e+03 2.294534869964951262e+00
3.321826707087199793e+03 2.294548822126552423e+00
3.329695657087199834e+03 2.294562904925784519e+00
3.337452592087200173e+03 2.294576681951201902e+00
3.345340212087200143e+03 2.294590584747180806e+00
3.353115817087199957e+03 2.294604189553281159e+00
3.361022107087200311e+03 2.294617923107064694e+00
3.368816382087199599e+03 2.294631362707127753e+00
3.376741337087200009e+03 2.294644925412812508e+00
3.384554282087200136e+03 2.294658194794705786e+00
3.392497907087199565e+03 2.294671583707951878e+00
3.400329517087199747e+03 2.294684685003300029e+00
3.408291812087200469e+03 2.294697906629994844e+00
3.416142097087200000e+03 2.294710848229708056e+00
3.424123062087199742e+03 2.294723909798623840e+00
3.431992012087199782e+03 2.294736690139957513e+00
3.439991647087199908e+03 2.294749581846475817e+00
3.447879267087200333e+03 2.294762195090178203e+00
3.455897567087200059e+03 2.294774920692363995e+00
3.463803852087200084e+03 2.294787378006640122e+00
3.471840822087200195e+03 2.294799951731786081e+00
3.479765782087199568e+03 2.294812261446396828e+00
3.487821422087199608e+03 2.294824682383604042e+00
3.495765047087199946e+03 2.294836837478494651e+00
3.503839357087199915e+03 2.294849100488991489e+00
3.511801652087200182e+03 2.294861110477132815e+00
3.519894632087199625e+03 2.294873234382665217e+00
3.527875597087200276e+03 2.294885103056039100e+00
3.535987242087200684e+03 2.294897075996449765e+00
3.543986872087200481e+03 2.294908796816929275e+00
3.552117187087200364e+03 2.294920623563508233e+00
3.560135492087199964e+03 2.294932206571457023e+00
3.568284477087199775e+03 2.294943896740608391e+00
3.576321447087200340e+03 2.294955343146651838e+00
3.584489097087199752e+03 2.294966889823051304e+00
3.592544737087199792e+03 2.294978193679807710e+00
3.600731062087199916e+03 2.294989597782361113e+00
3.608805372087199885e+03 2.295000767343081005e+00
3.617010362087200065e+03 2.295012036867923211e+00
3.625103337087200089e+03 2.295023069713332919e+00
3.633326997087199288e+03 2.295034199793502872e+00
3.641438647087200479e+03 2.295045104564105376e+00
3.649680977087200063e+03 2.295056109582310100e+00
3.657811292087199490e+03 2.295066886828081909e+00
3.666072287087199129e+03 2.295077758556767655e+00
3.674221267087199521e+03 2.295088408028997939e+00
3.682500937087199418e+03 2.295099152436918644e+00
3.690668592087200068e+03 2.295109675693289386e+00
3.698966927087200020e+03 2.295120290237256722e+00
3.707153252087199689e+03 2.295130685741865850e+00
3.715470257087199570e+03 2.295141170327017033e+00
3.723675247087199750e+03 2.295151437925072813e+00
3.732010922087200015e+03 2.295161794938695987e+00
3.740234582087200124e+03 2.295171943233714096e+00
3.748588922087199535e+03 2.295182184561960881e+00
3.756831252087200028e+03 2.295192223314475477e+00
3.765204262087199822e+03 2.295202353951493190e+00
3.773465257087200371e+03 2.295212280620765988e+00
3.781856937087200095e+03 2.295222294605632651e+00
3.790136607087199991e+03 2.295232106695767271e+00
3.798546957087200099e+03 2.295242005046508993e+00
3.806845292087200050e+03 2.295251704392821779e+00
3.815274312087200087e+03 2.295261487733204930e+00
3.823591317087199968e+03 2.295271072560688186e+00
3.832039002087199606e+03 2.295280738685239630e+00
3.840374672087200452e+03 2.295290208616970862e+00
3.848841032087200347e+03 2.295299757081849190e+00
3.857195377087199631e+03 2.295309109188290453e+00
3.865680402087200491e+03 2.295318539036708128e+00
3.874053412087199831e+03 2.295327779942757385e+00
3.882557102087199837e+03 2.295337100080610870e+00
3.890948782087199561e+03 2.295346233124540447e+00
3.899471147087199370e+03 2.295355444621213881e+00
3.907881497087199477e+03 2.295364474073526395e+00
3.916422527087200251e+03 2.295373583554713104e+00
3.924851547087200743e+03 2.295382515417127234e+00
3.933411247087200081e+03 2.295391521133709922e+00
3.941858932087200174e+03 2.295400339233757858e+00
3.950437302087200351e+03 2.295409226565992444e+00
3.958903657087199917e+03 2.295417935942830834e+00
3.967500697087200024e+03 2.295426720156253708e+00
3.975985722087199520e+03 2.295435334113987924e+00
3.984601427087200136e+03 2.295444024292569996e+00
3.993105122087200016e+03 2.295452545810849898e+00
4.001739502087199980e+03 2.295461138568730686e+00
4.010261867087200244e+03 2.295469557665328342e+00
4.018914912087200264e+03 2.295478043668199852e+00
4.027455942087200128e+03 2.295486359517939778e+00
4.036127404553900305e+03 2.295494743893077505e+00
4.053265474553899367e+03 2.295511148925726275e+00
4.061956107087199598e+03 2.295519383272405900e+00
4.070553147087200159e+03 2.295527474663590972e+00
4.079262202087199967e+03 2.295535618361674413e+00
4.087877907087200583e+03 2.295543620443253996e+00
4.096605627087199537e+03 2.295551669771977554e+00
4.105240002087200082e+03 2.295559577905398996e+00
4.113986392087200329e+03 2.295567533946523575e+00
4.122639437087200349e+03 2.295575351708353473e+00
4.131404492087200197e+03 2.295583217280851240e+00
4.140076207087199691e+03 2.295590945746092792e+00
4.148859937087199796e+03 2.295598719670669308e+00
4.157550322087200584e+03 2.295606359211087799e+00
4.166352717087199380e+03 2.295614046541986308e+00
4.175061767087199769e+03 2.295621600425924225e+00
4.183882832087199859e+03 2.295629197353720397e+00
4.192610552087199721e+03 2.295636662179203036e+00
4.201450287087200195e+03 2.295644172546383199e+00
4.210196677087199532e+03 2.295651556669862536e+00
4.219055082087199480e+03 2.295658989965049912e+00
4.227820142087200111e+03 2.295666297147980650e+00
4.236697212087199659e+03 2.295673646572845783e+00
4.245480942087200674e+03 2.295680867235152967e+00
4.254376687087199571e+03 2.295688127527827138e+00
4.263179082087200186e+03 2.295695262090575728e+00
4.272093492087199593e+03 2.295702439293151098e+00
4.280914557087199682e+03 2.295709494046902943e+00
4.289847637087200383e+03 2.295716591314197252e+00
4.298687372087199947e+03 2.295723570705700212e+00
4.307639117087200248e+03 2.295730596677349133e+00
4.316497522087200196e+03 2.295737506834512498e+00
4.325467942087200754e+03 2.295744460145145993e+00
4.334345012087200303e+03 2.295751297872322017e+00
4.343334097087200462e+03 2.295758178479578415e+00
4.352229837087200394e+03 2.295764943394313029e+00
4.361237592087200028e+03 2.295771747818724950e+00
4.370152002087199435e+03 2.295778437344508927e+00
4.379178422087199579e+03 2.295785166782856823e+00
4.388111502087199369e+03 2.295791783864960411e+00
4.397156597087200680e+03 2.295798440967534937e+00
4.406108347087199945e+03 2.295804984917600766e+00
4.415172107087199947e+03 2.295811564551283990e+00
4.424142522087199723e+03 2.295818032452964896e+00
4.433224952087200109e+03 2.295824538733989506e+00
4.442214037087200268e+03 2.295830938874471983e+00
4.451315137087201038e+03 2.295837380113060711e+00
4.460322892087199762e+03 2.295843713599345470e+00
4.469442662087200006e+03 2.295850082517358448e+00
4.478469087087200023e+03 2.295856348273889402e+00
4.487607522087199868e+03 2.295862655388595908e+00
4.496652617087200269e+03 2.295868857034223165e+00
4.505809722087199589e+03 2.295875090581282141e+00
4.514873482087199591e+03 2.295881217228236348e+00
4.524049257087199294e+03 2.295887377231938586e+00
4.533131687087200589e+03 2.295893434540039468e+00
4.542326132087199767e+03 2.295899527350321101e+00
4.551427232087200537e+03 2.295905519960185881e+00
4.560640347087200098e+03 2.295911547508171058e+00
4.569760112087199559e+03 2.295917474063657426e+00
4.578991892087199631e+03 2.295923433026359817e+00
4.588130332087200259e+03 2.295929294891400296e+00
4.597380782087199805e+03 2.295935192732136532e+00
4.606537887087200033e+03 2.295940994159373805e+00
4.615807007087199963e+03 2.295946828745226931e+00
4.624982782087199666e+03 2.295952567566340363e+00
4.634270572087199980e+03 2.295958339751335675e+00
4.643465017087200977e+03 2.295964019458696104e+00
4.652771472087199982e+03 2.295969733875371066e+00
4.661984587087199543e+03 2.295975354623079667e+00
4.671309717087199715e+03 2.295981005930034957e+00
4.680541497087199787e+03 2.295986564368156735e+00
4.689885292087200469e+03 2.295992153220502541e+00
4.699135742087200015e+03 2.295997647219057747e+00
4.708498207087199262e+03 2.296003167116217547e+00
4.717767327087200101e+03 2.296008592559460659e+00
4.727148457087200768e+03 2.296014045764841249e+00
4.736436247087200172e+03 2.296019410546103146e+00
4.745836052087200187e+03 2.296024807154946945e+00
4.755142507087200102e+03 2.296030117467693366e+00
4.764560977087199717e+03 2.296035458861692469e+00
4.773886102087200015e+03 2.296040715552956968e+00
4.783323242087199105e+03 2.296046003264852864e+00
4.792667042087199661e+03 2.296051206029025682e+00
4.802122852087200044e+03 2.296056437495725966e+00
4.811485312087200327e+03 2.296061583645999438e+00
4.820959787087200311e+03 2.296066758477358416e+00
4.830340922087199942e+03 2.296071852401026625e+00
4.839834072087200184e+03 2.296076976942236669e+00
4.849233872087199416e+03 2.296082018717299444e+00
4.858745687087200167e+03 2.296087086904746499e+00
4.868164162087200566e+03 2.296092072735107070e+00
4.877694647087199883e+03 2.296097085096639567e+00
4.887131787087199882e+03 2.296102015509629002e+00
4.896680937087199709e+03 2.296106971271629327e+00
4.906136742087200219e+03 2.296111846535799028e+00
4.915704567087200303e+03 2.296116748986841039e+00
4.925179047087200161e+03 2.296121575750742494e+00
4.934765537087199846e+03 2.296126432208561940e+00
4.944258682087200214e+03 2.296131213814780914e+00
4.953863842087200283e+03 2.296136022574255531e+00
4.963375657087200125e+03 2.296140753604360540e+00
4.972999487087199668e+03 2.296145509281435348e+00
4.982529972087199894e+03 2.296150190164991223e+00
4.992172472087199822e+03 2.296154897502449721e+00
5.001721627087200432e+03 2.296159530102966695e+00
5.011382792087199959e+03 2.296164188704446385e+00
5.020950612087200170e+03 2.296168776672179668e+00
5.030630447087200082e+03 2.296173392320130624e+00
5.040216942087199641e+03 2.296177936154564669e+00
5.049915447087200846e+03 2.296182504124470114e+00
5.059520607087200005e+03 2.296186998034751348e+00
5.069237782087199776e+03 2.296191513115415361e+00
5.078861612087199319e+03 2.296195953635731701e+00
5.088597452087199599e+03 2.296200416557110824e+00
5.098239947087199653e+03 2.296204811416967750e+00
5.107994462087199281e+03 2.296209231896475966e+00
5.117655632087200502e+03 2.296213582668675812e+00
5.127428812087200640e+03 2.296217958413492077e+00
5.137108647087200552e+03 2.296222271938981763e+00
5.146900497087200165e+03 2.296226613047098297e+00
5.156599002087199551e+03 2.296230885724650506e+00
5.166409517087200584e+03 2.296235179990359310e+00
5.176126692087200354e+03 2.296239407690956025e+00
5.185955882087199825e+03 2.296243656923128373e+00
5.195691722087200105e+03 2.296247836302657497e+00
5.205539577087200087e+03 2.296252034944942899e+00
5.215294087087200751e+03 2.296256167831738804e+00
5.225160612087200207e+03 2.296260322764207551e+00
5.234933797087200219e+03 2.296264413221207779e+00
5.244818992087200968e+03 2.296268525546761641e+00
5.254610837087199798e+03 2.296272574876218719e+00
5.264514702087200021e+03 2.296276646280291267e+00
5.274325222087200927e+03 2.296280655370490642e+00
5.284247752087199842e+03 2.296284686483384796e+00
5.294076942087200223e+03 2.296288656646354731e+00
5.304018142087200431e+03 2.296292647526127162e+00
5.313865997087200412e+03 2.296296574913374133e+00
5.323825867087200095e+03 2.296300522211175199e+00
5.333692392087199551e+03 2.296304410538269725e+00
5.343670932087199617e+03 2.296308319610707471e+00
5.353556127087200366e+03 2.296312166694753021e+00
5.363553332087200033e+03 2.296316030904227201e+00
5.373457192087200383e+03 2.296319832375762537e+00
5.383473072087199398e+03 2.296323653601427761e+00
5.393395607087200005e+03 2.296327420999782820e+00
5.403430152087200440e+03 2.296331208336027885e+00
5.413371352087199739e+03 2.296334931787634925e+00
5.423424567087199648e+03 2.296338669440092239e+00
5.433384437087199331e+03 2.296342347791998417e+00
5.443456317087199750e+03 2.296346045247619205e+00
5.453434852087199033e+03 2.296349688789190768e+00
5.463525407087199710e+03 2.296353352033722484e+00
5.473522617087200160e+03 2.296356958408284576e+00
5.483631837087200438e+03 2.296360584761551138e+00
5.493647712087199579e+03 2.296364160972446999e+00
5.503775602087200241e+03 2.296367758020742222e+00
5.513810147087199766e+03 2.296371299717700154e+00
5.523956707087200812e+03 2.296374858963061705e+00
5.534009922087199811e+03 2.296378364660262683e+00
5.544175147087199548e+03 2.296381889041986479e+00
5.554247032087199841e+03 2.296385361495294486e+00
5.564430932087199835e+03 2.296388852995184138e+00
5.574521482087199729e+03 2.296392293231423132e+00
5.584724047087199324e+03 2.296395750704934624e+00
5.594833272087199475e+03 2.296399154159856515e+00
5.605054507087199454e+03 2.296402573026657734e+00
5.615182397087200115e+03 2.296405939120826911e+00
5.625422297087199695e+03 2.296409321615347388e+00
5.635568852087199957e+03 2.296412653594992470e+00
5.645827427087199794e+03 2.296416002981513937e+00
5.655992657087199404e+03 2.296419303184251692e+00
5.666269897087199752e+03 2.296422622325958951e+00
5.676453792087200782e+03 2.296425895555545882e+00
5.686749702087199694e+03 2.296429185454894828e+00
5.696952267087199289e+03 2.296432422739879797e+00
5.707266847087199494e+03 2.296435674808608773e+00
5.717488082087200382e+03 2.296438879424699930e+00
5.727821332087200062e+03 2.296442099150530769e+00
5.738061237087200425e+03 2.296445268026169995e+00
5.748413152087200615e+03 2.296448452783256045e+00
5.758671727087199542e+03 2.296451593533199720e+00
5.769042312087199207e+03 2.296454753532078730e+00
5.779319552087199554e+03 2.296457870508654686e+00
5.789699224553900422e+03 2.296461001518236067e+00
5.810309714553899539e+03 2.296467164788759341e+00
5.820727222087200971e+03 2.296470254577740455e+00
5.831060467087200777e+03 2.296473300574372711e+00
5.841487062087199774e+03 2.296476351934779281e+00
5.851838982087199838e+03 2.296479362927813295e+00
5.862284242087200255e+03 2.296482385890787903e+00
5.872654827087199919e+03 2.296485372814153436e+00
5.883118757087199810e+03 2.296488372630655306e+00
5.893508012087199859e+03 2.296491334881574087e+00
5.903990612087200134e+03 2.296494305226279398e+00
5.914398537087199657e+03 2.296497236527844432e+00
5.924899807087199406e+03 2.296500176632113366e+00
5.935326397087200348e+03 2.296503079234761824e+00
5.945846332087199698e+03 2.296505991776786271e+00
5.956291597087199079e+03 2.296508867249028807e+00
5.966830207087200506e+03 2.296511751397803724e+00
5.977294137087200397e+03 2.296514597357628862e+00
5.987851412087200515e+03 2.296517450002541150e+00
5.998334012087199881e+03 2.296520264529291921e+00
6.008909952087200509e+03 2.296523086826869342e+00
6.019411222087200258e+03 2.296525874157200331e+00
6.030005837087200234e+03 2.296528672999081255e+00
6.040525772087199584e+03 2.296531438371477662e+00
6.051139052087200071e+03 2.296534213636745481e+00
6.061677657087200714e+03 2.296536952109084595e+00
6.072309612087200549e+03 2.296539694992609348e+00
6.082866887087199757e+03 2.296542399836888126e+00
6.093517507087199192e+03 2.296545110793955402e+00
6.099404184620499109e+03 2.296546602137319759e+00
6.108663717087199984e+03 2.296548939251906951e+00
6.114706142087199623e+03 2.296550458665758576e+00
6.124785224620500230e+03 2.296552983979180507e+00
6.134026682087200243e+03 2.296555289839481429e+00
6.145155494553900098e+03 2.296558052907170300e+00
6.157241152087200135e+03 2.296561034756816611e+00
6.167873102087200095e+03 2.296563640943985352e+00
6.186070607087200187e+03 2.296568061106124325e+00
6.196721227087200532e+03 2.296570622950015572e+00
6.202904184553900450e+03 2.296572102625622946e+00
6.213516874553899470e+03 2.296574634705635276e+00
6.228285219553899879e+03 2.296578141628670799e+00
6.242339042087199232e+03 2.296581458620445826e+00
6.254940237087199421e+03 2.296584415055921813e+00
6.280411039553900991e+03 2.296590332421098779e+00
6.311087787087200013e+03 2.296597347946925272e+00
6.337366982087200086e+03 2.296603263664715122e+00
6.389116979553899910e+03 2.296614687085329010e+00
6.430121062087200698e+03 2.296623536055868442e+00
6.484925097087199902e+03 2.296635087994503444e+00
6.564068137087199830e+03 2.296651208310381165e+00
6.643211182087199631e+03 2.296666661592686509e+00
6.757502432087200759e+03 2.296687888168000846e+00
6.871793682087200068e+03 2.296707965192080980e+00
7.036842792087199086e+03 2.296735154927168399e+00
7.201891902087200833e+03 2.296760315261044738e+00
7.440240947087199856e+03 2.296793532837801521e+00
7.678589992087201608e+03 2.296823449156080166e+00
8.022792187087199636e+03 2.296861777996354714e+00
8.366994382087201302e+03 2.296895020638624274e+00
8.864060152087200549e+03 2.296935932403041392e+00
9.361125922087199797e+03 2.296969887419623824e+00
1.007894349208720087e+04 2.297009799537901742e+00
1.079676103208719906e+04 2.297041377325304889e+00
1.183336838208720110e+04 2.297076562870568495e+00
1.286997578208720006e+04 2.297102887463043253e+00
1.436695073208719987e+04 2.297130415010620208e+00
1.586392563208720276e+04 2.297149938199379626e+00
1.802572178208720288e+04 2.297169090378250900e+00
2.018751793208720119e+04 2.297182124683549098e+00
2.330938898208719911e+04 2.297194245434726945e+00
2.643126008208720305e+04 2.297202304860951561e+00
3.093958473208720170e+04 2.297209889756293144e+00
3.544790938208720036e+04 2.297215793096665237e+00
4.195842528208720614e+04 2.297222168853194635e+00
4.846894118208720465e+04 2.297226796235874335e+00
5.787084113208720373e+04 2.297232517621460079e+00
6.727274108208720281e+04 2.297239412539152870e+00
8.085011713208719448e+04 2.297248375504290063e+00
9.442749318208720069e+04 2.297252653410244871e+00
1.140347152320872556e+05 2.297254369904234039e+00
1.336419370820872136e+05 2.297255131198845390e+00
1.619569190820872027e+05 2.297255642340231496e+00
1.902719010820872500e+05 2.297256723013917590e+00
2.311618445820871857e+05 2.297259693514704271e+00
2.720517880820871796e+05 2.297264803840254110e+00
3.311013570820871973e+05 2.297272143554144996e+00
3.901509260820871568e+05 2.297274968041892240e+00
4.754249880820871913e+05 2.297275081105249139e+00
5.606990505820872495e+05 2.297275186925363588e+00
