1.999999602499999973e-01 0.000000000000000000e+00
3.499999602500000195e-01 0.000000000000000000e+00
4.999999602499999307e-01 0.000000000000000000e+00
6.499999204999999947e-01 0.000000000000000000e+00
7.499999602500000417e-01 0.000000000000000000e+00
8.999999602499998419e-01 0.000000000000000000e+00
1.049999960249999864e+00 0.000000000000000000e+00
1.150000000000000133e+00 0.000000000000000000e+00
1.250000000000000222e+00 0.000000000000000000e+00
1.399999960250000175e+00 0.000000000000000000e+00
1.549999960250000086e+00 0.000000000000000000e+00
1.650000000000000133e+00 0.000000000000000000e+00
1.750000000000000000e+00 0.000000000000000000e+00
1.899999960249999953e+00 0.000000000000000000e+00
2.049999920499999906e+00 0.000000000000000000e+00
2.149999960250000175e+00 0.000000000000000000e+00
2.250000000000000000e+00 0.000000000000000000e+00
2.350000000000000089e+00 0.000000000000000000e+00
2.450000000000000622e+00 0.000000000000000000e+00
2.599999960250000353e+00 0.000000000000000000e+00
2.749999920499999639e+00 0.000000000000000000e+00
2.849999920500000172e+00 0.000000000000000000e+00
2.949999920499999817e+00 0.000000000000000000e+00
3.049999920499999906e+00 0.000000000000000000e+00
3.149999960249999731e+00 0.000000000000000000e+00
3.250000000000000000e+00 0.000000000000000000e+00
3.350000000000000089e+00 0.000000000000000000e+00
3.450000000000000178e+00 0.000000000000000000e+00
3.599999960249999909e+00 0.000000000000000000e+00
3.749999920499999639e+00 0.000000000000000000e+00
3.849999920499999728e+00 0.000000000000000000e+00
3.949999920500000261e+00 0.000000000000000000e+00
4.049999920499999462e+00 0.000000000000000000e+00
4.149999960249999731e+00 0.000000000000000000e+00
4.299999960250000086e+00 0.000000000000000000e+00
4.449999960249999553e+00 0.000000000000000000e+00
4.599999960249999909e+00 0.000000000000000000e+00
4.749999920500000528e+00 0.000000000000000000e+00
4.849999960250000797e+00 0.000000000000000000e+00
4.974774110250000270e+00 0.000000000000000000e+00
5.124774070500000001e+00 0.000000000000000000e+00
5.249999920499999639e+00 0.000000000000000000e+00
5.349999960249999909e+00 0.000000000000000000e+00
5.450134660250000707e+00 0.000000000000000000e+00
5.600134620499999549e+00 0.000000000000000000e+00
5.749999920499999639e+00 0.000000000000000000e+00
5.849999960250000797e+00 0.000000000000000000e+00
5.999999960250000264e+00 0.000000000000000000e+00
6.149999960249999731e+00 0.000000000000000000e+00
6.299999960250000086e+00 0.000000000000000000e+00
6.449999960250000441e+00 0.000000000000000000e+00
6.564202810250000297e+00 0.000000000000000000e+00
6.714202770500000028e+00 0.000000000000000000e+00
6.849999960250000797e+00 0.000000000000000000e+00
6.999999960249999376e+00 0.000000000000000000e+00
7.149999960250000619e+00 0.000000000000000000e+00
7.299999940250001096e+00 0.000000000000000000e+00
7.449999940249998787e+00 0.000000000000000000e+00
7.554928760250000153e+00 0.000000000000000000e+00
7.685866700500000093e+00 0.000000000000000000e+00
7.819216140500000023e+00 0.000000000000000000e+00
7.938278140500000468e+00 0.000000000000000000e+00
8.049999880499999705e+00 3.484490747263775217e-05
8.149999940249998076e+00 1.283124872586064564e-04
8.249999999999998224e+00 2.490632582954688322e-04
8.383361460250000619e+00 3.918312263408323440e-04
8.533361400500000471e+00 5.198903193678206663e-04
8.649999940249999852e+00 5.954962552088190761e-04
8.750000000000000000e+00 6.446963904249624830e-04
8.857388525250000200e+00 6.830332882704194617e-04
9.007388465499998276e+00 7.145440519085393240e-04
9.149999940249999852e+00 7.250254933028537708e-04
9.250000000000000000e+00 7.258962597485446849e-04
9.399999940249999852e+00 7.258962597485446849e-04
9.549999940250001984e+00 7.258962597485446849e-04
9.650000000000002132e+00 7.258962597485446849e-04
9.783446030249999481e+00 7.258962597485446849e-04
9.933445970499999333e+00 7.258962597485446849e-04
1.004999994024999843e+01 7.258962597485446849e-04
1.015000000000000036e+01 7.258962597485446849e-04
1.029999994025000021e+01 7.258962597485446849e-04
1.044999988050000006e+01 7.258962597485446849e-04
1.054999994025000021e+01 7.258962597485446849e-04
1.065000000000000036e+01 7.258962597485446849e-04
1.079999994025000021e+01 7.258962597485446849e-04
1.094999988050000006e+01 7.258962597485446849e-04
1.104999994025000021e+01 7.258962597485446849e-04
1.115000000000000036e+01 7.258962597485446849e-04
1.129999994025000021e+01 7.272177633568263719e-04
1.144999988050000006e+01 7.335067503203060836e-04
1.154999994025000021e+01 7.432845836196794740e-04
1.165000000000000036e+01 7.595136195735992029e-04
1.179999994025000021e+01 7.966503308418156244e-04
1.194999988050000006e+01 8.498344600638612972e-04
1.204999994025000198e+01 8.945608452829195874e-04
1.215000000000000213e+01 9.469998500539508583e-04
1.229999994025000021e+01 1.040589317473933611e-03
1.244999988049999828e+01 1.152572595636841861e-03
1.254999994024999843e+01 1.237679417091871450e-03
1.264999999999999858e+01 1.331320244060670097e-03
1.279999994025000021e+01 1.488061202885463579e-03
1.294999988050000006e+01 1.664630066843241505e-03
1.304999994025000021e+01 1.793487722713572657e-03
1.315000000000000036e+01 1.931334440950973263e-03
1.329765913525000087e+01 2.151418738947601019e-03
1.344765907550000072e+01 2.395329889002342522e-03
1.354999994025000021e+01 2.573570153326282511e-03
1.365000000000000036e+01 2.757016980883271896e-03
1.379999994025000021e+01 3.049409156233614041e-03
1.394999988049999828e+01 3.362549596328527624e-03
1.404999994024999843e+01 3.582879625454336078e-03
1.415000000000000036e+01 3.812471088869404025e-03
1.429999994025000198e+01 4.174257994298247697e-03
1.444999988049999828e+01 4.557023633063247980e-03
1.454999994024999843e+01 4.823912316533832643e-03
1.464999999999999858e+01 5.100205962406665662e-03
1.479999994024999843e+01 5.532395129312137234e-03
1.494999988050000006e+01 5.986058969296183079e-03
1.504999994025000021e+01 6.300540544744341956e-03
1.515000000000000036e+01 6.624746954353796444e-03
1.529999994025000021e+01 7.129508218239734123e-03
1.544999988050000006e+01 7.656692120669049070e-03
1.554999994025000021e+01 8.020772476847657512e-03
1.565000000000000036e+01 8.395108048182366167e-03
1.579999994025000021e+01 8.976193356016470143e-03
1.594999988050000006e+01 9.581188393548292076e-03
1.604999994025000021e+01 9.998050462000846947e-03
1.615000000000000213e+01 1.042596971921390565e-02
1.629999994075000203e+01 1.108906467887877355e-02
1.644999994075000416e+01 1.177818685222846787e-02
1.659999994075000274e+01 1.249412120665088603e-02
1.674999988149999908e+01 1.323769219223914530e-02
1.684999988149999695e+01 1.374915197038740523e-02
1.694999994075000060e+01 1.427358490605860203e-02
1.709999994075000274e+01 1.508532935645217135e-02
1.724999994075000131e+01 1.592803383302539982e-02
1.735000000000000142e+01 1.650752010411424275e-02
1.745000000000000284e+01 1.710162897038635527e-02
1.759999994075000274e+01 1.802120513707429830e-02
1.774999988149999552e+01 1.897594004933087289e-02
1.784999988150000050e+01 1.963261158132594345e-02
1.794999994075000060e+01 2.030620378067495013e-02
1.810000000000000142e+01 2.135078449359856245e-02
1.830000000000000071e+01 2.281085300649998010e-02
1.845000000000000284e+01 2.395712639361071913e-02
1.860000000000000142e+01 2.514726438196197150e-02
1.879140988025000425e+01 2.672961229722964002e-02
1.894140988024999928e+01 2.802194805743433992e-02
1.910000000000000497e+01 2.944523132552791245e-02
1.925000000000000355e+01 3.084900229556712323e-02
1.940000000000000568e+01 3.230874555606336879e-02
1.958403798525000283e+01 3.417615435646211702e-02
1.973403798525000141e+01 3.576054876446743691e-02
1.990000000000000213e+01 3.758364674316459764e-02
2.010000000000000142e+01 3.988951377976342194e-02
2.025000000000000355e+01 4.170004291466487822e-02
2.040000000000000213e+01 4.358010987112817536e-02
2.056009549024999927e+01 4.566341412344374073e-02
2.069033201049999704e+01 4.741663583402286331e-02
2.083023652024999706e+01 4.935519749954479785e-02
2.095000000000000284e+01 5.105528935497771065e-02
2.110000000000000142e+01 5.323378745598659340e-02
2.125000000000000355e+01 5.546701981992512714e-02
2.140000000000000568e+01 5.775498772583374102e-02
2.155482192025000288e+01 6.017390363949413207e-02
2.168247514049999936e+01 6.221222292546828986e-02
2.182765322024999932e+01 6.456064587572993285e-02
2.195000000000000284e+01 6.653888321809429962e-02
2.210000000000000497e+01 6.894414357571047869e-02
2.225000000000000355e+01 7.132722791324984379e-02
2.240000000000000213e+01 7.368816507407549565e-02
2.256821726525000216e+01 7.630953605116223837e-02
2.271195611050000451e+01 7.852736213392103037e-02
2.284373884525000165e+01 8.053504938782826694e-02
2.295000000000000284e+01 8.212333154470025098e-02
2.310000000000000142e+01 8.430617830170582250e-02
2.325000000000000355e+01 8.641962644644782254e-02
2.340000000000000568e+01 8.846367369581630002e-02
2.360000000000000497e+01 9.108123190995462415e-02
2.375000000000000355e+01 9.296334767173713987e-02
2.390000000000000568e+01 9.477876376677592252e-02
2.410000000000000497e+01 9.710374542563499078e-02
2.425000000000000355e+01 9.877863508940745718e-02
2.440000000000000213e+01 1.003955040001919125e-01
2.460000000000000497e+01 1.024611685323431054e-01
2.475000000000000355e+01 1.039426586618722448e-01
2.488191686025000138e+01 1.051975727919803455e-01
2.503191686024999996e+01 1.065749172593442318e-01
2.515000000000000213e+01 1.076289396541676713e-01
2.525000000000000355e+01 1.085039374445604526e-01
2.540000000000000568e+01 1.097862063362938789e-01
2.560000000000000142e+01 1.114394491046435121e-01
2.575000000000000355e+01 1.126369588416992334e-01
2.587041684025000166e+01 1.135719858959745171e-01
2.602041684025000023e+01 1.147040017748805762e-01
2.615000000000000213e+01 1.156547181046432560e-01
2.625000000000000355e+01 1.163747070892056923e-01
2.640000000000000213e+01 1.174370906708613049e-01
2.660000000000000497e+01 1.188211203653237180e-01
2.675000000000000355e+01 1.198347308022351676e-01
2.690000000000000213e+01 1.208274380754320865e-01
2.705848787525000176e+01 1.218536114058259706e-01
2.720325843550000045e+01 1.227705668074084017e-01
2.734477056025000152e+01 1.236496004829431700e-01
2.745000000000000639e+01 1.242945079044516649e-01
2.760000000000000142e+01 1.252035658102666760e-01
2.775000000000000711e+01 1.261005829718634674e-01
2.789999999999999858e+01 1.269855590626559338e-01
2.810000000000000497e+01 1.281468168904495164e-01
2.825000000000000000e+01 1.290036977092495762e-01
2.839999999999999858e+01 1.298485374800856240e-01
2.860000000000000497e+01 1.309583807064310379e-01
2.875000000000000355e+01 1.317806878179070829e-01
2.889999999999999858e+01 1.325958366235407415e-01
2.910000000000000497e+01 1.336716879809570768e-01
2.925000000000000355e+01 1.344702967946599104e-01
2.939999999999999858e+01 1.352618169037167195e-01
2.960000000000000497e+01 1.363061629069609593e-01
2.975000000000000355e+01 1.370813771992926700e-01
2.990000000000000213e+01 1.378512926587140974e-01
3.010000000000000497e+01 1.388724401660476893e-01
3.025000000000000355e+01 1.396346631449177922e-01
3.040000000000000213e+01 1.403937730164669107e-01
3.060000000000000497e+01 1.414010844911604559e-01
3.075000000000000355e+01 1.421529306377120050e-01
3.090000000000000213e+01 1.429016636841650978e-01
3.110000000000000853e+01 1.438957748617387677e-01
3.125000000000000355e+01 1.446390142148095970e-01
3.140000000000000213e+01 1.453809668397116617e-01
3.160000000000000853e+01 1.463685462873210719e-01
3.175000000000000711e+01 1.471079555053177168e-01
3.190000000000000213e+01 1.478462746441075726e-01
3.205000000000000426e+01 1.485835037721746354e-01
3.215000000000000568e+01 1.490743819141720217e-01
3.225000000000000000e+01 1.495647756071899481e-01
3.235000000000000142e+01 1.500546857025508718e-01
3.250000000000000711e+01 1.507886717052275838e-01
3.265000000000000568e+01 1.515216271427802797e-01
3.275000000000000000e+01 1.520096950689461546e-01
3.285000000000000142e+01 1.524973095768073217e-01
3.300000000000000711e+01 1.532278844663433615e-01
3.314999999999999858e+01 1.539574391651530039e-01
3.325000000000000000e+01 1.544432400006102157e-01
3.335000000000000142e+01 1.549285874181652312e-01
3.347887686025000420e+01 1.555534205710045748e-01
3.362887686025000278e+01 1.562797176775283514e-01
3.375000000000000000e+01 1.568654516260186982e-01
3.385000000000000142e+01 1.573485487870644739e-01
3.400000000000000000e+01 1.580723964145299421e-01
3.414999999999999858e+01 1.587952902587820847e-01
3.425000000000000000e+01 1.592766875769036916e-01
3.435000000000000853e+01 1.597576609915483392e-01
3.450000000000000000e+01 1.604783292548384865e-01
3.464999999999999858e+01 1.611980437356836382e-01
3.475000000000000711e+01 1.616773215370914674e-01
3.485000000000000853e+01 1.621561754353540163e-01
3.500000000000000711e+01 1.628736643407105444e-01
3.514999999999999858e+01 1.635902096403387129e-01
3.525000000000000711e+01 1.640674065206797760e-01
3.535000000000000853e+01 1.645442410214989493e-01
3.550000000000000711e+01 1.652588375010260735e-01
3.565000000000000568e+01 1.659726444372345566e-01
3.575000000000000711e+01 1.664480753054861650e-01
3.585000000000000853e+01 1.669231552657361728e-01
3.600000000000000000e+01 1.676351198609728477e-01
3.615000000000000568e+01 1.683462949135116349e-01
3.625000000000000711e+01 1.688199712422976673e-01
3.635000000000000853e+01 1.692932966633503289e-01
3.650000000000000000e+01 1.700026293793445997e-01
3.665000000000000568e+01 1.707111983048260617e-01
3.675000000000000711e+01 1.711831898431813437e-01
3.685000000000000142e+01 1.716549023312088640e-01
3.700000000000000000e+01 1.723619521387626807e-01
3.715000000000000568e+01 1.730683764067700303e-01
3.725000000000000711e+01 1.735389768244918196e-01
3.735000000000000142e+01 1.740092992247508352e-01
3.750000000000000000e+01 1.747142638386002811e-01
3.765000000000000568e+01 1.754186029134064684e-01
3.775000000000000000e+01 1.758878132442544262e-01
3.785000000000000142e+01 1.763567455578573251e-01
3.799294226025000398e+01 1.770265670193789109e-01
3.814294226025000256e+01 1.777288745337914921e-01
3.825000000000000000e+01 1.782297904756675322e-01
3.835000000000000142e+01 1.786974548233454252e-01
3.845000000000000995e+01 1.791648982060049800e-01
3.860000000000000853e+01 1.798656510557392341e-01
3.875000000000000000e+01 1.805659067343946822e-01
3.885000000000000853e+01 1.810324662573579990e-01
3.895000000000000995e+01 1.814988048154896338e-01
3.910000000000000853e+01 1.821979003757913940e-01
3.925000000000000711e+01 1.828964987654235763e-01
3.935000000000000853e+01 1.833619534645864468e-01
3.945000000000000995e+01 1.838271871990948825e-01
3.955172386025000719e+01 1.843002142333772519e-01
3.970172386025000577e+01 1.849973375651053353e-01
3.985000000000000853e+01 1.856860159520003217e-01
4.041598891025000739e+01 1.883111749083717645e-01
4.104516327050000513e+01 1.912222408317194033e-01
4.183859247049999652e+01 1.948819943797027998e-01
4.263471192050000269e+01 1.985404614782272092e-01
4.344681002049999563e+01 2.022563996426095800e-01
4.426159842050000037e+01 2.059664852234543708e-01
4.509236542050000196e+01 2.097277692276977024e-01
4.592582272050000114e+01 2.134762576848286963e-01
4.677525867050000130e+01 2.172662956743693918e-01
4.762738487050000202e+01 2.210326367357419719e-01
4.849548972049999662e+01 2.248262523010848002e-01
4.936628487050000302e+01 2.285807085013937534e-01
5.001658948720000097e+01 2.313466540436168173e-01
5.077672643719999712e+01 2.345329704579435792e-01
5.114252272050000414e+01 2.360477097840199823e-01
5.204796542049999886e+01 2.397390734124295597e-01
5.295609837050000124e+01 2.433521796315749330e-01
5.388020997050000460e+01 2.469303332673671303e-01
5.480701192050000259e+01 2.504125907702961507e-01
5.574979247049999742e+01 2.538416031547546803e-01
5.669526327050000702e+01 2.571621066266880917e-01
5.765671277050000043e+01 2.604163473128882633e-01
5.862085252050000861e+01 2.635554237087187612e-01
5.960097092050000356e+01 2.666209183522278980e-01
6.058377957049999907e+01 2.695700969797253377e-01
6.158256687050000266e+01 2.724433262887281937e-01
6.258404447050001096e+01 2.752033486357810532e-01
6.360150072050000603e+01 2.778889797973501108e-01
6.462164722049999455e+01 2.804677650055918403e-01
6.565777237049999826e+01 2.829767567698663333e-01
6.669658782049999957e+01 2.853876129060920475e-01
6.775138187050001193e+01 2.877354855585964599e-01
6.880886622050000767e+01 2.899954469774284060e-01
6.988232922049999729e+01 2.922006026036564896e-01
7.095848252049998450e+01 2.943285847269622169e-01
7.205061447049999401e+01 2.964100961720517180e-01
7.314543667050000408e+01 2.984244145932422598e-01
7.425623752050000803e+01 3.003999406208505696e-01
7.536972862049998412e+01 3.023171186757612761e-01
7.637074223720000532e+01 3.039904714087185988e-01
7.733860158720000300e+01 3.055667421777498727e-01
7.763135842050000690e+01 3.060355348017063104e-01
7.877949712050001096e+01 3.078429975639918603e-01
7.993032607050000138e+01 3.096055229794990038e-01
8.109713367049999988e+01 3.113452042889660598e-01
8.226663157050001018e+01 3.130439769235690561e-01
8.345210807050001733e+01 3.147221573426816077e-01
8.464027487049999365e+01 3.163619515671775573e-01
8.584442037050000351e+01 3.179821683198976179e-01
8.705125612049999972e+01 3.195654077195482223e-01
8.827407047050000699e+01 3.211292338717844919e-01
8.949957512049999764e+01 3.226568046660243660e-01
9.074105842049999637e+01 3.241646410567617931e-01
9.198523197049999567e+01 3.256366047342745818e-01
9.324538417050000305e+01 3.270884145344657434e-01
9.450822667049999382e+01 3.285048162658986692e-01
9.547571248719999915e+01 3.295643475526600641e-01
9.657140098720000765e+01 3.307383602917225440e-01
9.706855922050000629e+01 3.312620586665137590e-01
9.778668153719999623e+01 3.320091841938634381e-01
9.880570645390000095e+01 3.330508301395943560e-01
9.938507418720000430e+01 3.336333669030882576e-01
9.966622962050000467e+01 3.339135838264105094e-01
1.000416438871999958e+02 3.342853682892620859e-01
1.006779326039000040e+02 3.349094174300353277e-01
1.013136610038999947e+02 3.355255335766805791e-01
1.015500017539000055e+02 3.357528165025999711e-01
1.017000017539000112e+02 3.358965825006721140e-01
1.018943797039000003e+02 3.360822634204304049e-01
1.020443797039000060e+02 3.362250757168503967e-01
1.022000017538999970e+02 3.363728154103370893e-01
1.023962215372000060e+02 3.365585085069670579e-01
1.025462215371999974e+02 3.367000272841858544e-01
1.027000017538999970e+02 3.368447249555263645e-01
1.029000017538999856e+02 3.370323293115720098e-01
1.030500017538999913e+02 3.371726015485806971e-01
1.032000017538999970e+02 3.373125070365213807e-01
1.034000017538999998e+02 3.374984816568156742e-01
1.035500017538999913e+02 3.376375401792170994e-01
1.037000017538999970e+02 3.377762398135867872e-01
1.039000017538999998e+02 3.379606197063785844e-01
1.040500017538999913e+02 3.380984924766319288e-01
1.042000017538999970e+02 3.382360158214400836e-01
1.044000017538999998e+02 3.384188431385656282e-01
1.045500017539000055e+02 3.385555639602886857e-01
1.046898459871999876e+02 3.386827235346244747e-01
1.048398459871999933e+02 3.388188017275745589e-01
1.049805652538999823e+02 3.389461814365907211e-01
1.051305652538999880e+02 3.390816791632011440e-01
1.052500017539000083e+02 3.391893621261278802e-01
1.054000017539000140e+02 3.393243471672121037e-01
1.055500017539000055e+02 3.394590542033928404e-01
1.056679393539000102e+02 3.395647758567735819e-01
1.058179393539000159e+02 3.396990012259479830e-01
1.060000017538999941e+02 3.398615685842770184e-01
1.062000017539000112e+02 3.400397264432197808e-01
1.064000017539000140e+02 3.402174559021781119e-01
1.065500017539000055e+02 3.403504829751478611e-01
1.067000017539000112e+02 3.404832908563756311e-01
1.068866807539000092e+02 3.406482857034726641e-01
1.070366807539000007e+02 3.407806425078067636e-01
1.072000017539000112e+02 3.409245497423666338e-01
1.073933428372000094e+02 3.410946609487678916e-01
1.075433428372000009e+02 3.412264770569093941e-01
1.077000017539000112e+02 3.413640362138141149e-01
1.079000017538999998e+02 3.415395471961062412e-01
1.080500017539000055e+02 3.416711281424106850e-01
1.082000017539000112e+02 3.418026986901306907e-01
1.084000017538999998e+02 3.419781723380017624e-01
1.085500017538999913e+02 3.421098494861142258e-01
1.087000017539000112e+02 3.422416421949867615e-01
1.089000017538999998e+02 3.424176460355033424e-01
1.090500017539000055e+02 3.425499206984783940e-01
1.092000017539000112e+02 3.426825201830542844e-01
1.093568281038999856e+02 3.428215994225277674e-01
1.095068281038999913e+02 3.429551638827486038e-01
1.096948508538999789e+02 3.431235670030320373e-01
1.098448508538999846e+02 3.432588741049191206e-01
1.100000017539000083e+02 3.434000172667704964e-01
1.101655085872000086e+02 3.435522989729751231e-01
1.103155085821999961e+02 3.436923026152722827e-01
1.105000017439000004e+02 3.438681858022616944e-01
1.106500017439000061e+02 3.440151191354672289e-01
1.108000017439000118e+02 3.441674913018546444e-01
1.110000017439000146e+02 3.443854816676912289e-01
1.111500017438999919e+02 3.445670430350118441e-01
1.112882800039000131e+02 3.447794442299852435e-01
1.114382800039000045e+02 3.454313221238476950e-01
1.115840118939000121e+02 3.471344640474277599e-01
1.117333632688999927e+02 3.499871326911898617e-01
1.118493531189000123e+02 3.525340526692666843e-01
1.120000017439000004e+02 3.559008876685111344e-01
1.121500017438999919e+02 3.592973862666606344e-01
1.123000017438999976e+02 3.627320575768259170e-01
1.125000017439000004e+02 3.673661895157200874e-01
1.126500017439000061e+02 3.708819984441157347e-01
1.128000017439000118e+02 3.744320383601350555e-01
1.129560930788999968e+02 3.781626486023323408e-01
1.131060930789000025e+02 3.817827982276528753e-01
1.132834478338999844e+02 3.861076585500261560e-01
1.134334478338999901e+02 3.898030322796015579e-01
1.136000017439000089e+02 3.939461141609574280e-01
1.138000017439000118e+02 3.989754856561387175e-01
1.140000017439000004e+02 4.040623267404684915e-01
1.141500017439000061e+02 4.079138450965320017e-01
1.143000017438999976e+02 4.117948479110877802e-01
1.145000017439000146e+02 4.170123131559110852e-01
1.146500017439000061e+02 4.209558292332707952e-01
1.148000017439000118e+02 4.249231757598304626e-01
1.150000017439000004e+02 4.302464369370963548e-01
1.151500017439000061e+02 4.342622039926417044e-01
1.153000017439000118e+02 4.382959672745801449e-01
1.155000017438999862e+02 4.436996646629194907e-01
1.156500017438999919e+02 4.477703724434807242e-01
1.157658468322000260e+02 4.509241819677081153e-01
1.159158468322000033e+02 4.550205600343710244e-01
1.161000017438999947e+02 4.600697839260644573e-01
1.163000017439000118e+02 4.655802124839504841e-01
1.165000017439000146e+02 4.711217346829744690e-01
1.166500017438999919e+02 4.753007584642012784e-01
1.167976609388999805e+02 4.794367981003019308e-01
1.169476609388999861e+02 4.836639617050010886e-01
1.171000017439000089e+02 4.879869148291284264e-01
1.173000017439000118e+02 4.937150221251055404e-01
1.174743670689000083e+02 4.987635899822616126e-01
1.176243670689000140e+02 5.031526421992096321e-01
1.178000017438999976e+02 5.083525330425326949e-01
1.180000017439000004e+02 5.143621320215709947e-01
1.181500017439000061e+02 5.189361363186960618e-01
1.183000017439000118e+02 5.235727736728128523e-01
1.185000017439000146e+02 5.298604628240191072e-01
1.186500017438999919e+02 5.346594097601607976e-01
1.188000017438999976e+02 5.395343685357401053e-01
1.190000017439000004e+02 5.461592375627221108e-01
1.191500017439000061e+02 5.512247210541543208e-01
1.192500017459000077e+02 5.546493330505882779e-01
1.193500017479000093e+02 5.581130297480247915e-01
1.195000017478999865e+02 5.633831617759904598e-01
1.196500017478999922e+02 5.687437308304169603e-01
1.198000017478999979e+02 5.741953326761625176e-01
1.200000017479000007e+02 5.816055924798583243e-01
1.201500017480499878e+02 5.872684850325079475e-01
1.202500017481999919e+02 5.910929974872598525e-01
1.204000017480500020e+02 5.969011494429453668e-01
1.206000017479000093e+02 6.047734831462027172e-01
1.208000017478999979e+02 6.127841826621175381e-01
1.210000017479000007e+02 6.209219344802221485e-01
1.211500017479000064e+02 6.271018329596805829e-01
1.212879315509000122e+02 6.328362544335538464e-01
1.214379315488999964e+02 6.391226974453793064e-01
1.218766512089000003e+02 6.576988219289133797e-01
1.223180611489000142e+02 6.766097977339807779e-01
1.227754497339000181e+02 6.961729854245789495e-01
1.232355285939000140e+02 7.155251727977223197e-01
1.237115860989000140e+02 7.346258657517706903e-01
1.241903338789000060e+02 7.522634570665809317e-01
1.243866077622000006e+02 7.589872843696878757e-01
1.248111931621999986e+02 7.723400156553904550e-01
1.251824770088999799e+02 7.826443552521807900e-01
1.256958723589000044e+02 7.951231307392734315e-01
1.262119579788999886e+02 8.059389855182054196e-01
1.267440222488999950e+02 8.156684856942131301e-01
1.272787767989000116e+02 8.243826494871382415e-01
1.274190436371999908e+02 8.265076048833908118e-01
1.278915649722000012e+02 8.333597934759938708e-01
1.283829334538999944e+02 8.400325946243313302e-01
1.289523355688999686e+02 8.473197798679664716e-01
1.295244279588999916e+02 8.543055827911325562e-01
1.300474079922000215e+02 8.604839175148998320e-01
1.305518866371999991e+02 8.663350405402907572e-01
1.307032603039000094e+02 8.680722591787878306e-01
1.313100002539000002e+02 8.750041888977740934e-01
1.319194305039000028e+02 8.819471145626285313e-01
1.325448393539000165e+02 8.890775555408487740e-01
1.331729385038999851e+02 8.962637582664249036e-01
1.333972156872000028e+02 8.988391165470311917e-01
1.339496302372000400e+02 9.052307067135322294e-01
1.344637844039000072e+02 9.112470811393628134e-01
1.351265311539000038e+02 9.191249176269162824e-01
1.357919681539000010e+02 9.272020899684439987e-01
1.362496067872000083e+02 9.328459093747125674e-01
1.368339786372000049e+02 9.401338769302308718e-01
1.371574897039000120e+02 9.442059375813224298e-01
1.378575742538999975e+02 9.530954810492918705e-01
1.385603491038999948e+02 9.621148948873065043e-01
1.391953425372000197e+02 9.703411574817529806e-01
1.398116716872000040e+02 9.783908412994514192e-01
1.400005463539000061e+02 9.808704298969985746e-01
1.407379687539000201e+02 9.906067041077323276e-01
1.414780814539000176e+02 1.000465777958861713e+00
1.422341728039000088e+02 1.010626571441092025e+00
1.429929544039000291e+02 1.020912631508250845e+00
1.437677146539000148e+02 1.031505429339015123e+00
1.445451652038999839e+02 1.042224352023626510e+00
1.453385943538999925e+02 1.053245825047504525e+00
1.461347138038999844e+02 1.064376967655257911e+00
1.469468119038999987e+02 1.075789835498740299e+00
1.477616002538999851e+02 1.087282352802558805e+00
1.485923672538999938e+02 1.099020347504856110e+00
1.494258245538999859e+02 1.110792529355749680e+00
1.502752605039000287e+02 1.122757854567291602e+00
1.511273867038999867e+02 1.134698570564012465e+00
1.519117314371999896e+02 1.145608850004306012e+00
1.526558897371999990e+02 1.155865012844662587e+00
1.528662867038999877e+02 1.158747129126072917e+00
1.537530605039000307e+02 1.170785599219590800e+00
1.546425245539000173e+02 1.182670352938310243e+00
1.553241901372000200e+02 1.191636685184366717e+00
1.561003057372000171e+02 1.201679897015115683e+00
1.564561002539000185e+02 1.206224073980884715e+00
1.573802119039000047e+02 1.217840042369542353e+00
1.583070138038999914e+02 1.229210845529641993e+00
1.588299935372000107e+02 1.235501651322498118e+00
1.596380664371999956e+02 1.245040768952789367e+00
1.601952651539000101e+02 1.251490091529145365e+00
1.611567146038999851e+02 1.262374577992205538e+00
1.621208543539000004e+02 1.272980540914431469e+00
1.624291415872000073e+02 1.276307078609126844e+00
1.632691717872000083e+02 1.285218384128685498e+00
1.640837814539000021e+02 1.293647383216237179e+00
1.650825687539000057e+02 1.303709121687913974e+00
1.660840463039000099e+02 1.313507918354594795e+00
1.671015025539000192e+02 1.323183246011865100e+00
1.681216491039000118e+02 1.332619086231828121e+00
1.688686558872000205e+02 1.339370995966653322e+00
1.697566219871999920e+02 1.347238163466659921e+00
1.701965896538999914e+02 1.351073489303235453e+00
1.712513837539000008e+02 1.360122478181867933e+00
1.723088681038999823e+02 1.368999277596632203e+00
1.727105001372000004e+02 1.372322719398414215e+00
1.736304235872000277e+02 1.379850442868792104e+00
1.744584844039000018e+02 1.386527635291034732e+00
1.755506163039000000e+02 1.395209889113423030e+00
1.766454385039000101e+02 1.403786938330599421e+00
1.777562393539000141e+02 1.412375143163154601e+00
1.788697304538999902e+02 1.420883902853100400e+00
1.795420617372000152e+02 1.425977173879177551e+00
1.805099210872000128e+02 1.433258666552728933e+00
1.811313602538999987e+02 1.437902968937435189e+00
1.822794989539000028e+02 1.446427744846357610e+00
1.834303279539000187e+02 1.454904143054473797e+00
1.845971355538999887e+02 1.463432056888353427e+00
1.857666334039000162e+02 1.471915970791433992e+00
1.866163196371999788e+02 1.478039973056615164e+00
1.876321149372000150e+02 1.485317496365017975e+00
1.881402767538999967e+02 1.488940086667517537e+00
1.893444222038999953e+02 1.497474210044515974e+00
1.905512579538999773e+02 1.505954981927486669e+00
1.908502106871999899e+02 1.508044232580094679e+00
1.918979632372000026e+02 1.515328034003333268e+00
1.929995769539000037e+02 1.522920722630636492e+00
1.939332733372000064e+02 1.529300566631640379e+00
1.949970045371999845e+02 1.536503862570684165e+00
1.954852338039000017e+02 1.539786486454423509e+00
1.967453860538999777e+02 1.548186481332022080e+00
1.980082285538999827e+02 1.556496443019060649e+00
1.983165158871999836e+02 1.558508270859283451e+00
1.994122043872000063e+02 1.565602979293745145e+00
2.005685611038999809e+02 1.572995692071704976e+00
2.014929228372000125e+02 1.578833447985261706e+00
2.026045899872000007e+02 1.585767816907660110e+00
2.031662315039000077e+02 1.589235240303878749e+00
2.044823904538999955e+02 1.597265081478160154e+00
2.058012397539000062e+02 1.605175272195539904e+00
2.071360676538999996e+02 1.613042233918345225e+00
2.091013748372000123e+02 1.624370710663036732e+00
2.104548716871999829e+02 1.631996570090723742e+00
2.123588515039000129e+02 1.642485240046841488e+00
2.151218519039000228e+02 1.657219646224201925e+00
2.171383455872000070e+02 1.667615443445951584e+00
2.185478491872000006e+02 1.674707423920439586e+00
2.205360891872000195e+02 1.684475519941527111e+00
2.219642615872000135e+02 1.691324181916974867e+00
2.236348800538999910e+02 1.699163167258901819e+00
2.254180125872000247e+02 1.707330257646225036e+00
2.268835230872000182e+02 1.713891651100105662e+00
2.289091010872000140e+02 1.722745000021867812e+00
2.303932800871999973e+02 1.729076438967846352e+00
2.324375265871999829e+02 1.737591726684102778e+00
2.354618920871999990e+02 1.749775303389874859e+00
2.375248080871999719e+02 1.757813152317975414e+00
2.390649940872000059e+02 1.763678688283375706e+00
2.411465790871999957e+02 1.771434297433288174e+00
2.427054340872000182e+02 1.777118041620790123e+00
2.448054375539000205e+02 1.784619342014214460e+00
2.479791540539000039e+02 1.795645380327894225e+00
2.500983265872000061e+02 1.802812692615830104e+00
2.517131885871999941e+02 1.808178855196993062e+00
2.538507800872000075e+02 1.815165654809191009e+00
2.554843105872000422e+02 1.820419609339483769e+00
2.576405710871999872e+02 1.827249963710120051e+00
2.592927705871999819e+02 1.832405980575052329e+00
2.610473990538999942e+02 1.837811386187000462e+00
2.631385685871999840e+02 1.844162418622477428e+00
2.648281060872000126e+02 1.849222260553833541e+00
2.670217045871999630e+02 1.855697997699785162e+00
2.687299110872000369e+02 1.860667225599905938e+00
2.709421780872000340e+02 1.867006196376897575e+00
2.726690530872000409e+02 1.871877417611137240e+00
2.747130500539000764e+02 1.877553882285868836e+00
2.766455335872000205e+02 1.882829446451647959e+00
2.784097465872000043e+02 1.887566202441305574e+00
2.806593520871999772e+02 1.893493299527539531e+00
2.824422340871999495e+02 1.898099134479695582e+00
2.847105080872000258e+02 1.903839681719712296e+00
2.865120590871999866e+02 1.908302712392031752e+00
2.887990015871999958e+02 1.913844832752260361e+00
2.906192215871999451e+02 1.918157011380005272e+00
2.926352150539000263e+02 1.922831703933716385e+00
2.947637220872000512e+02 1.927653078005749698e+00
2.966212800872000344e+02 1.931766642320770222e+00
2.989455610872000193e+02 1.936794262078600060e+00
3.008217875871999922e+02 1.940758387135267826e+00
3.031647370871999669e+02 1.945596150775630750e+00
3.050596325871999852e+02 1.949420564471879613e+00
3.074212510872000053e+02 1.954083277487863368e+00
3.093348155871999552e+02 1.957780558453721120e+00
3.114908260538999798e+02 1.961865317035122569e+00
3.136473365871999590e+02 1.965870073448097610e+00
3.155982385872000009e+02 1.969427136277171808e+00
3.179971950871999979e+02 1.973721300753504604e+00
3.199667665872000271e+02 1.977183943496187313e+00
3.223843920872000126e+02 1.981361841753567665e+00
3.243726320871999746e+02 1.984740181529855985e+00
3.268089260871999500e+02 1.988812805060726996e+00
3.288158350872000142e+02 1.992113889990056119e+00
3.312707985871999767e+02 1.996088349197844058e+00
3.353406235872000138e+02 2.002528120050206084e+00
3.378142555872000230e+02 2.006352340087936614e+00
3.398771715871999959e+02 2.009490548251673392e+00
3.423694725872000504e+02 2.013220618622718838e+00
3.444510575872000118e+02 2.016284650929983435e+00
3.469620275871999979e+02 2.019918928692520321e+00
3.490622810872000059e+02 2.022906921568077276e+00
3.515919200871999806e+02 2.026443640613840191e+00
3.537108425872000339e+02 2.029354102154508954e+00
3.562589000538999926e+02 2.032791956489317986e+00
3.605527520539000079e+02 2.038434726475344849e+00
3.631199790872000221e+02 2.041718923984182421e+00
3.652949085871999841e+02 2.044450128946859735e+00
3.678805540872000392e+02 2.047637481734074338e+00
3.700741525871999897e+02 2.050291682660875026e+00
3.726784675871999752e+02 2.053385044838495599e+00
3.748907345872000292e+02 2.055964305391130065e+00
3.775137180872000044e+02 2.058966409954194887e+00
3.797446540871999900e+02 2.061472919498509970e+00
3.823863060872000119e+02 2.064386774700571081e+00
3.846359115872000416e+02 2.066822824923160606e+00
3.870999595539000211e+02 2.069444511990101709e+00
3.895645070871999565e+02 2.072019116642874081e+00
3.918514495872000225e+02 2.074366438902927712e+00
3.945304400871999633e+02 2.077066314994371776e+00
3.968360520871999597e+02 2.079347581166209213e+00
3.995337110872000039e+02 2.081968407308035562e+00
4.018579920871999889e+02 2.084185498209868204e+00
4.045743200872000216e+02 2.086729867594278698e+00
4.069172695872000531e+02 2.088884865182209172e+00
4.096522665872000175e+02 2.091355423969313954e+00
4.120138850872000376e+02 2.093450524339366847e+00
4.147675510872000473e+02 2.095850218265500331e+00
4.171478385871999990e+02 2.097887948431001792e+00
4.197705720539000822e+02 2.100095326146825148e+00
4.223191300872000511e+02 2.102203342206325765e+00
4.247367555871999798e+02 2.104170491373857477e+00
4.275277595872000234e+02 2.106403498431226318e+00
4.299640535871999987e+02 2.108320424436565865e+00
4.327737260872000320e+02 2.110495277958612803e+00
4.352286895872000514e+02 2.112365020535108329e+00
4.380570310872000164e+02 2.114485183264641410e+00
4.405306630872000255e+02 2.116310441485900640e+00
4.433776735871999790e+02 2.118378860593284951e+00
4.458699745872000335e+02 2.120161813517204230e+00
4.487356540871999755e+02 2.122180759724789478e+00
4.512466240872000185e+02 2.123922953210668485e+00
4.541309725871999490e+02 2.125893917141215450e+00
4.566606115871999236e+02 2.127596194132411966e+00
4.593486865539000519e+02 2.129378526656782622e+00
4.621119370872000331e+02 2.131182487919910606e+00
4.646789135872000429e+02 2.132832856129985188e+00
4.676005995871999517e+02 2.134681699136733002e+00
4.701862450872000068e+02 2.136291735735060815e+00
4.731266005871999596e+02 2.138093024121157537e+00
4.757309150872000032e+02 2.139662245668509044e+00
4.786899390872000026e+02 2.141415589949039688e+00
4.813129225871999779e+02 2.142943650653864829e+00
4.842906155872000227e+02 2.144648910503399897e+00
4.869322680871999864e+02 2.146135766112850174e+00
4.899286300872000197e+02 2.147793231508252187e+00
4.925889515872000288e+02 2.149239303359700592e+00
4.956039825871999938e+02 2.150849819802191032e+00
4.982829730872000482e+02 2.152255989448017992e+00
5.013164225538999972e+02 2.153820770957760811e+00
5.067304095539000173e+02 2.156544152511803869e+00
5.097830285872000786e+02 2.158041248251222566e+00
5.125180255871999861e+02 2.159360131697181995e+00
5.155890630871999747e+02 2.160816697627124139e+00
5.183427290872000412e+02 2.162101429832701260e+00
5.214324355872000751e+02 2.163519843115176755e+00
5.242047705872000734e+02 2.164772348317197004e+00
5.273131460872000389e+02 2.166154760106220323e+00
5.301041500871999688e+02 2.167376815983158345e+00
5.332311945871999797e+02 2.168725140425093123e+00
5.360408670872000130e+02 2.169918271405961274e+00
5.391865800872000136e+02 2.171234107636041077e+00
5.420149215871999786e+02 2.172399544605149835e+00
5.451793040871999665e+02 2.173684167189261274e+00
5.480263145872000905e+02 2.174822885147941864e+00
5.512093655871999545e+02 2.176077289107966717e+00
5.540750450872000101e+02 2.177189977868571269e+00
5.571364980539000271e+02 2.178361589617047400e+00
5.601611135872000204e+02 2.179502043137314882e+00
5.630641310871999394e+02 2.180580922070781469e+00
5.662845200872001215e+02 2.181760016322928486e+00
5.692062060872000302e+02 2.182813804654528678e+00
5.724452640872000302e+02 2.183964633397020183e+00
5.753856195872000399e+02 2.184993662583438745e+00
5.786433465871999715e+02 2.186116641852250186e+00
5.816023705872000846e+02 2.187121249639826903e+00
5.848787660872000060e+02 2.188216797905937483e+00
5.878564590872000508e+02 2.189197362864315100e+00
5.911515240871999595e+02 2.190265995730623860e+00
5.941478860872000496e+02 2.191222977560500773e+00
5.974616195871999480e+02 2.192265261319158665e+00
6.004766505871999698e+02 2.193199174673581275e+00
6.038090530872001409e+02 2.194215749351533518e+00
6.068427525872000388e+02 2.195127156492963749e+00
6.101938240872000279e+02 2.196118694490031054e+00
6.132461930872000266e+02 2.197008198530780554e+00
6.166159335872000611e+02 2.197975407441813189e+00
6.196869710871999359e+02 2.198843608976717157e+00
6.228511030539000330e+02 2.199725168816433207e+00
6.261650865871999940e+02 2.200634662258828200e+00
6.292734620871999596e+02 2.201475118954772103e+00
6.326805405871999710e+02 2.202382633884311769e+00
6.358075850871999819e+02 2.203203159596959892e+00
6.392333320871999831e+02 2.204088743831115860e+00
6.423790450871999838e+02 2.204889889659538138e+00
6.458234610872001440e+02 2.205754177056940435e+00
6.489878435872000182e+02 2.206536491539763833e+00
6.524509285871999964e+02 2.207380093635963103e+00
6.556339795871999740e+02 2.208144116692841497e+00
6.591157335871999976e+02 2.208967661971075191e+00
6.623174535872000206e+02 2.209713954403816683e+00
6.658178765871999758e+02 2.210518080245210459e+00
6.690382655872000441e+02 2.211247207308305818e+00
6.725573570871999891e+02 2.212032560707414053e+00
6.757964150871999891e+02 2.212745108972621999e+00
6.793341755871999794e+02 2.213512358842101957e+00
6.825919025872000248e+02 2.214208919489115246e+00
6.861483325872000023e+02 2.214958710526899743e+00
6.894247280871999237e+02 2.215639827283891083e+00
6.929998265872000047e+02 2.216372756443629743e+00
6.962948915872000271e+02 2.217038966557398627e+00
6.996923850539000114e+02 2.217716751653812768e+00
7.032023920871998826e+02 2.218407457373343217e+00
7.065347945871999400e+02 2.219054410904991226e+00
7.101472310871999980e+02 2.219746242728501073e+00
7.134983025871999871e+02 2.220379335223139350e+00
7.171294080871999768e+02 2.221056082505532103e+00
7.204991485872000112e+02 2.221675629600908586e+00
7.241489225871999906e+02 2.222337602045684424e+00
7.275373315872000148e+02 2.222943842448267482e+00
7.312057745872000396e+02 2.223591284249340383e+00
7.346128530871999374e+02 2.224184397486738352e+00
7.382999655871999494e+02 2.224817479297502398e+00
7.417257125872000643e+02 2.225397588938872850e+00
7.454314930872000105e+02 2.226016450112577871e+00
7.488759090871999433e+02 2.226583663239570576e+00
7.526003590871999904e+02 2.227188426867682480e+00
7.560634440871999686e+02 2.227742851304856497e+00
7.598065630872000611e+02 2.228333663542044096e+00
7.632883170871999710e+02 2.228875436497944396e+00
7.670501045871999395e+02 2.229452482406459879e+00
7.705505270871999528e+02 2.229981797760437701e+00
7.743309840872000223e+02 2.230545338193200333e+00
7.778500760872000228e+02 2.231062457895361728e+00
7.816492015872000820e+02 2.231612832590463391e+00
7.851869620872000723e+02 2.232118116948069719e+00
7.890045065539000007e+02 2.232655734190005070e+00
7.961360350538999455e+02 2.233639651088242584e+00
7.999727485871999306e+02 2.234158158215614254e+00
8.035665155872000014e+02 2.234637239338712611e+00
8.074216475872000274e+02 2.235144272604600246e+00
8.110340840871999717e+02 2.235613068557374294e+00
8.149078855872000986e+02 2.236109184295392627e+00
8.185389910872000883e+02 2.236568154760881111e+00
8.224314610871999776e+02 2.237053818515196468e+00
8.260812350872000707e+02 2.237503372342110275e+00
8.299923740872000053e+02 2.237979016492896989e+00
8.336608170871999164e+02 2.238419509791706119e+00
8.375906250872000101e+02 2.238885461646389796e+00
8.412777370871999665e+02 2.239317158176731493e+00
8.452262140871999918e+02 2.239773681466420197e+00
8.489319950871999936e+02 2.240196783035789174e+00
8.528991410872000642e+02 2.240644053728286345e+00
8.566235910871999977e+02 2.241058677193482840e+00
8.606094060872000000e+02 2.241496797368463412e+00
8.643525250871999788e+02 2.241903022976257986e+00
8.683570085872000845e+02 2.242332085127754837e+00
8.721187960872000531e+02 2.242729990135512441e+00
8.761419485871999768e+02 2.243150081207776925e+00
8.799224055871999326e+02 2.243539735161022453e+00
8.839642275872000710e+02 2.243950930713832115e+00
8.877633530872000165e+02 2.244332401847383807e+00
8.918238430871999753e+02 2.244734791942517571e+00
8.956416375871999662e+02 2.245108166460666688e+00
8.997207970872000260e+02 2.245501860734006705e+00
9.035572605872000622e+02 2.245867252322365726e+00
9.075894975539000598e+02 2.246246286256167846e+00
9.115102210871999660e+02 2.246610005102944729e+00
9.153840225872000929e+02 2.246964772175562342e+00
9.195005195872000741e+02 2.247336848117941432e+00
9.233929895871999634e+02 2.247684098397986663e+00
9.275281560872000455e+02 2.248048229953489408e+00
9.314392950871998664e+02 2.248388193429597504e+00
9.355931300871998246e+02 2.248744627127877038e+00
9.395229380871999183e+02 2.249077538067213222e+00
9.436954420871999218e+02 2.249426537738756338e+00
9.476439190872000609e+02 2.249752636460156552e+00
9.518350920871997687e+02 2.250094444878341093e+00
9.558022380871999530e+02 2.250413944531769239e+00
9.600120800871999336e+02 2.250748785560034104e+00
9.639978950871999359e+02 2.251061890076097249e+00
9.682264055872000199e+02 2.251389981514678063e+00
9.722308890872000120e+02 2.251696891826894475e+00
9.764780685872000277e+02 2.252018444956543242e+00
9.805012210872000651e+02 2.252319335470678752e+00
9.847670700872000680e+02 2.252634516425387812e+00
9.888088915872000371e+02 2.252929542542494445e+00
9.930934090872001434e+02 2.253238528610417291e+00
9.971538995872001578e+02 2.253527846246087929e+00
1.001457086087199968e+03 2.253830788246455441e+00
1.005536245587200028e+03 2.254114523900762723e+00
1.009858100587200056e+03 2.254411556307128084e+00
1.013955929087200161e+03 2.254689837081972570e+00
1.018296452087200009e+03 2.254981095497458288e+00
1.022412949087199991e+03 2.255254037993899452e+00
1.026772144087199877e+03 2.255539636860215857e+00
1.030907310587199845e+03 2.255807330237464825e+00
1.035285170587200128e+03 2.256087358046386715e+00
1.039439005587200199e+03 2.256349885519255860e+00
1.043835540587200057e+03 2.256624434318622363e+00
1.048008044587199947e+03 2.256881875093379453e+00
1.052422992553900031e+03 2.257151007861378122e+00
1.060824007053900004e+03 2.257654024190173470e+00
1.065258124087200031e+03 2.257914727570531355e+00
1.069486635087200057e+03 2.258160322553697252e+00
1.073939175087199828e+03 2.258415789180806765e+00
1.078186354587199958e+03 2.258656506636763872e+00
1.082657559587200012e+03 2.258906834275170361e+00
1.086923408587199901e+03 2.259142749390507188e+00
1.091413283587200112e+03 2.259388024811085138e+00
1.095697801087200105e+03 2.259619228251690259e+00
1.100206346087200018e+03 2.259859563623863199e+00
1.104509532587199828e+03 2.260086169726780003e+00
1.109036747587200125e+03 2.260321697401614038e+00
1.113358602587200266e+03 2.260543840120145198e+00
1.117904487587200038e+03 2.260774708770433072e+00
1.122245012087200166e+03 2.260992527007737785e+00
1.126809562087199993e+03 2.261218887115509890e+00
1.131168757087199992e+03 2.261432535379477304e+00
1.135751977087200203e+03 2.261654561195828972e+00
1.140129837087200031e+03 2.261864195468108463e+00
1.144731727087200170e+03 2.262082038583941301e+00
1.149128257087199700e+03 2.262287793729823360e+00
1.153748812087199894e+03 2.262501594000054794e+00
1.158164012087200035e+03 2.262703600794805592e+00
1.162803242087200033e+03 2.262913488049223876e+00
1.167237112087200103e+03 2.263111847410577582e+00
1.171895007087200156e+03 2.263317912878934468e+00
1.176347547087199928e+03 2.263512707316687411e+00
1.181024112087200137e+03 2.263715035429604949e+00
1.185495317087199965e+03 2.263906332447064074e+00
1.190190552087199876e+03 2.264104981672752537e+00
1.194680427087199860e+03 2.264292823671803845e+00
1.199394327087200054e+03 2.264487832603481188e+00
1.203902872087199967e+03 2.264672251140292136e+00
1.208635447087199964e+03 2.264863650969681341e+00
1.213162662087199806e+03 2.265044671041968716e+00
1.217913902087199858e+03 2.265232488578403203e+00
1.222459782087199983e+03 2.265410135474158260e+00
1.227229692087199965e+03 2.265594408178355668e+00
1.231794247087199892e+03 2.265768731395895852e+00
1.236582822087199929e+03 2.265949513471820609e+00
1.241166042087200140e+03 2.266120550873893080e+00
1.245870359553900016e+03 2.266294112031929320e+00
1.250575177087200018e+03 2.266465700074475009e+00
1.255195737087199859e+03 2.266632307883103881e+00
1.260021652087199982e+03 2.266804337069547870e+00
1.264660877087199879e+03 2.266967826001423436e+00
1.269505462087200158e+03 2.267136610258828178e+00
1.274163362087200085e+03 2.267297057408903083e+00
1.279026617087200066e+03 2.267462702578184164e+00
1.283703182087200048e+03 2.267620209792205355e+00
1.288585102087200084e+03 2.267782806854943267e+00
1.293280332087199895e+03 2.267937458257455852e+00
1.298180927087200189e+03 2.268097102861890590e+00
1.302894832087199802e+03 2.268248986946050039e+00
1.307814092087200152e+03 2.268405764783032907e+00
1.312546662087200048e+03 2.268554957408650985e+00
1.317484592087199871e+03 2.268708943715565418e+00
1.322235832087199924e+03 2.268855514166488785e+00
1.327192432087199904e+03 2.269006782519450205e+00
1.331962342087199886e+03 2.269150797115074614e+00
1.336937607087200149e+03 2.269299409496400521e+00
1.341726187087199833e+03 2.269440919307025073e+00
1.346720127087199899e+03 2.269586923914669985e+00
1.351527372087200092e+03 2.269725967378251941e+00
1.356539977087199986e+03 2.269869399761391016e+00
1.361365897087199983e+03 2.270006013907172271e+00
1.366397172087200033e+03 2.270146918007612591e+00
1.371241757087200085e+03 2.270281137470825161e+00
1.376291697087199964e+03 2.270419543484759828e+00
1.381154952087199945e+03 2.270551398928653875e+00
1.386223567087199854e+03 2.270687345460307593e+00
1.391105487087200117e+03 2.270816879833291502e+00
1.396192767087199854e+03 2.270950417649754360e+00
1.401093362087199921e+03 2.271077676767128128e+00
1.406199312087200042e+03 2.271208848400549485e+00
1.411118572087199937e+03 2.271333869586236176e+00
1.416243192087199986e+03 2.271462715827695877e+00
1.421181122087200265e+03 2.271585539081189875e+00
1.426324407087199916e+03 2.271712105404909199e+00
1.431281002087200022e+03 2.271832779940767377e+00
1.436442962087200158e+03 2.271957121832744786e+00
1.441418232087200067e+03 2.272075699045642772e+00
1.446598857087200031e+03 2.272197864942961942e+00
1.451592792087199996e+03 2.272314380863303729e+00
1.456792087087199889e+03 2.272434404473496095e+00
1.461804692087200010e+03 2.272548894353082716e+00
1.467022657087200059e+03 2.272666817815615747e+00
1.472053932087200110e+03 2.272779325613674573e+00
1.477290562087200215e+03 2.272895197611005891e+00
1.482340507087200194e+03 2.273005769969584478e+00
1.487595807087200001e+03 2.273119634600827332e+00
1.497751702087200101e+03 2.273336274104541754e+00
1.503025672087200064e+03 2.273447018699475741e+00
1.508131622087199958e+03 2.273553122125133275e+00
1.513424262087199850e+03 2.273661969223000234e+00
1.518548877087199799e+03 2.273766269367496484e+00
1.523860187087200075e+03 2.273873249373073779e+00
1.529003477087200054e+03 2.273975777794765563e+00
1.534333452087200158e+03 2.274080939264228274e+00
1.539495407087199965e+03 2.274181737824196858e+00
1.544844057087199872e+03 2.274285106245915955e+00
1.550024687087200164e+03 2.274384203595974707e+00
1.555392002087199899e+03 2.274485829358973366e+00
1.560591297087200019e+03 2.274583272007399515e+00
1.565977277087200264e+03 2.274683187292126707e+00
1.571195237087199985e+03 2.274779007125782293e+00
1.576599892087200033e+03 2.274877255728160907e+00
1.581836527087200011e+03 2.274971484431209667e+00
1.587259847087199887e+03 2.275068081826153943e+00
1.592515147087200148e+03 2.275160747187374266e+00
1.597957137087200181e+03 2.275255749465177502e+00
1.603231107087200144e+03 2.275346898345194102e+00
1.608691767087199878e+03 2.275440328930588230e+00
1.613984407087199997e+03 2.275529977604005882e+00
1.619463737087199888e+03 2.275621859036243144e+00
1.624775047087200164e+03 2.275710032284510298e+00
1.630273047087199984e+03 2.275800395447639790e+00
1.635603022087199861e+03 2.275887124976105902e+00
1.641119687087199964e+03 2.275975998771263775e+00
1.646468332087199997e+03 2.276061307248335552e+00
1.652003667087200029e+03 2.276148713360842013e+00
1.657370982087199991e+03 2.276232618983641931e+00
1.662924987087199952e+03 2.276318575618502482e+00
1.668310972087200071e+03 2.276401101482794509e+00
1.673883642087199860e+03 2.276485634208149200e+00
1.679288297087199908e+03 2.276566789663537094e+00
1.684879642087200182e+03 2.276649901829024714e+00
1.690302962087199830e+03 2.276729713207470418e+00
1.695912972087199933e+03 2.276811453148378739e+00
1.701354962087199965e+03 2.276889955460170256e+00
1.706983642087199996e+03 2.276970342680891157e+00
1.712444302087200185e+03 2.277047555834397219e+00
1.718091652087200146e+03 2.277126618472939956e+00
1.723570982087200036e+03 2.277202571298907685e+00
1.729236997087199825e+03 2.277280340205055875e+00
1.734734992087199998e+03 2.277355064578192145e+00
1.740419682087200044e+03 2.277431572397154103e+00
1.745936352087199793e+03 2.277505095762343501e+00
1.751639707087200122e+03 2.277580371576059637e+00
1.757175042087199927e+03 2.277652726688060181e+00
1.762897067087199957e+03 2.277726803073001349e+00
1.768451067087199817e+03 2.277798012419395501e+00
1.774191757087199903e+03 2.277870909692212731e+00
1.779764432087200021e+03 2.277940997027184444e+00
1.785523797087200137e+03 2.278012741280040387e+00
1.791115137087200310e+03 2.278081728644805626e+00
1.796893167087200254e+03 2.278152344792913286e+00
1.802503182087200003e+03 2.278220263268889934e+00
1.808299882087200103e+03 2.278289776006198419e+00
1.813928562087199907e+03 2.278356625442893080e+00
1.819743932087199710e+03 2.278425031046307669e+00
1.825391277087199796e+03 2.278490827180563727e+00
1.831141054553899949e+03 2.278557183320011337e+00
1.836891337087200100e+03 2.278622913016763007e+00
1.842576022087200045e+03 2.278687272395183872e+00
1.848428727087200059e+03 2.278752891244107737e+00
1.854132082087199933e+03 2.278816223105334160e+00
1.860003457087200331e+03 2.278880804612001487e+00
1.865725482087200135e+03 2.278943145005530191e+00
1.871615527087199780e+03 2.279006702716373844e+00
1.877356222087199967e+03 2.279068054320617431e+00
1.883264937087199769e+03 2.279130593504955282e+00
1.889024297087200011e+03 2.279190966254307504e+00
1.894951677087199869e+03 2.279252506279816348e+00
1.900729712087200369e+03 2.279311925577312437e+00
1.906675767087200029e+03 2.279372495391089437e+00
1.912472467087200130e+03 2.279430987309551959e+00
1.918437187087200300e+03 2.279490608648715888e+00
1.924252557087200103e+03 2.279548191477752006e+00
1.930235947087200429e+03 2.279606883492626856e+00
1.936069982087200287e+03 2.279663575053317182e+00
1.942072037087199760e+03 2.279721354096489350e+00
1.947924747087200103e+03 2.279777167204728894e+00
1.953945477087199833e+03 2.279834045273496201e+00
1.959816852087200004e+03 2.279888999344435785e+00
1.965856247087200018e+03 2.279945007497712339e+00
1.971746292087199890e+03 2.279999127368453227e+00
1.977804357087200287e+03 2.280054276976600569e+00
1.983713067087199988e+03 2.280107569270473089e+00
1.989789802087200087e+03 2.280161870490402087e+00
1.995717187087200045e+03 2.280214349878863178e+00
2.001812587087200200e+03 2.280267822174020242e+00
2.007758637087200214e+03 2.280319505783734879e+00
2.013872712087199943e+03 2.280372161565796141e+00
2.019837432087199886e+03 2.280423056214122113e+00
2.025970172087200126e+03 2.280474899695296820e+00
2.031953562087199998e+03 2.280525014489850122e+00
2.038104972087199940e+03 2.280576067932698514e+00
2.044107032087199968e+03 2.280625435290547731e+00
2.050277112087199839e+03 2.280675730467283113e+00
2.056297837087200151e+03 2.280724363996904813e+00
2.062486582087200077e+03 2.280773899509544567e+00
2.068525982087200191e+03 2.280821799175911213e+00
2.074733397087200046e+03 2.280870585187892097e+00
2.080791462087200216e+03 2.280917768269835388e+00
2.087017547087200001e+03 2.280965822998503256e+00
2.093094277087199771e+03 2.281012301192537617e+00
2.099339032087199939e+03 2.281059633566974831e+00
2.105434437087199967e+03 2.281105417699935245e+00
2.111697862087199610e+03 2.281152036520101234e+00
2.117811932087200148e+03 2.281197124899459805e+00
2.124094022087199846e+03 2.281243033469323223e+00
2.130226767087199732e+03 2.281287457989093603e+00
2.136527532087200143e+03 2.281332699519124763e+00
2.142678942087200085e+03 2.281376474702615287e+00
2.148998372087200096e+03 2.281421040538116340e+00
2.155168447087200093e+03 2.281464158671940190e+00
2.161506542087199705e+03 2.281508055272914781e+00
2.167695292087199959e+03 2.281550542900738776e+00
2.174052062087200284e+03 2.281593800602890632e+00
2.180259477087200139e+03 2.281635664745559566e+00
2.186634912087200064e+03 2.281678277643364172e+00
2.192860997087199848e+03 2.281719521551408558e+00
2.199255107087200031e+03 2.281761504033531285e+00
2.205499862087199745e+03 2.281802146206761250e+00
2.211912632087200109e+03 2.281843512667029561e+00
2.218176057087199752e+03 2.281883553502475515e+00
2.224607502087199919e+03 2.281924302093796708e+00
2.230889592087200072e+03 2.281963753845588361e+00
2.237339707087200168e+03 2.282003906209297384e+00
2.243640467087199795e+03 2.282042786086215358e+00
2.250109247087199947e+03 2.282082352595069086e+00
2.256428677087199958e+03 2.282120665231993417e+00
2.262916127087200039e+03 2.282159653901489893e+00
2.269254227087199979e+03 2.282197417036816667e+00
2.275760347087199989e+03 2.282235842840962814e+00
2.282117117087199858e+03 2.282273053408330643e+00
2.288641902087199924e+03 2.282310912360478117e+00
2.295017337087199849e+03 2.282347584205892677e+00
2.301485869553899647e+03 2.282384472105286388e+00
2.307954902087200026e+03 2.282421045128078863e+00
2.314367677087200263e+03 2.282456987019799932e+00
2.320929802087199732e+03 2.282493443812042333e+00
2.327361247087199899e+03 2.282528857565692348e+00
2.333942042087199752e+03 2.282564768777341158e+00
2.340392152087199975e+03 2.282599661744822761e+00
2.346991617087199756e+03 2.282635063877283876e+00
2.353460402087199782e+03 2.282669469470055112e+00
2.360078532087199619e+03 2.282704364247730044e+00
2.366565982087199700e+03 2.282738269851495971e+00
2.373202787087199795e+03 2.282772648868928389e+00
2.379708907087199805e+03 2.282806056372446157e+00
2.386364377087199955e+03 2.282839936873133801e+00
2.392889162087200020e+03 2.282872870569658375e+00
2.399563302087200555e+03 2.282906275232309490e+00
2.406106762087199968e+03 2.282938744674081200e+00
2.412799567087199648e+03 2.282971666121650589e+00
2.419361692087200026e+03 2.283003671241513821e+00
2.426073172087199964e+03 2.283036133999026607e+00
2.432653967087200272e+03 2.283067698191270090e+00
2.439384112087199810e+03 2.283099705825950121e+00
2.445983577087200047e+03 2.283130829051232880e+00
2.452732392087199514e+03 2.283162391921624845e+00
2.459350522087199806e+03 2.283193082740721191e+00
2.466118007087199658e+03 2.283224199788737252e+00
2.472754807087199879e+03 2.283254460543659992e+00
2.479540962087200114e+03 2.283285145122219806e+00
2.486196437087200138e+03 2.283314984583507457e+00
2.493001257087199974e+03 2.283345232871459185e+00
2.499675392087199725e+03 2.283374646324871193e+00
2.506498882087199945e+03 2.283404461305603039e+00
2.513191692087200408e+03 2.283433458091147727e+00
2.520033852087200103e+03 2.283462853271330584e+00
2.526745332087200040e+03 2.283491445406309328e+00
2.533606162087200119e+03 2.283520430068387785e+00
2.540336307087199657e+03 2.283548627487970606e+00
2.547215802087200245e+03 2.283577212866771955e+00
2.553964617087199713e+03 2.283605021819102188e+00
2.560862787087199649e+03 2.283633208023668093e+00
2.567630272087199955e+03 2.283660628089360323e+00
2.574547107087200402e+03 2.283688417245726132e+00
2.581333257087199854e+03 2.283715450120395118e+00
2.588268762087199775e+03 2.283742846604920107e+00
2.595073587087200394e+03 2.283769509598141845e+00
2.602027757087199916e+03 2.283796540498789884e+00
2.608851247087200136e+03 2.283822849057861593e+00
2.615824092087199915e+03 2.283849515647997208e+00
2.622666252087200064e+03 2.283875472007248053e+00
2.629657762087199899e+03 2.283901780271435200e+00
2.636518592087199977e+03 2.283927384188630949e+00
2.643528772087200196e+03 2.283953331523486341e+00
2.650408267087200329e+03 2.283978592000437846e+00
2.657437117087200022e+03 2.284004195720951813e+00
2.664335282087200540e+03 2.284029120831384319e+00
2.671382802087199707e+03 2.284054378717100597e+00
2.678299642087200027e+03 2.284078966313243253e+00
2.685365827087200159e+03 2.284103880523999042e+00
2.692301327087199752e+03 2.284128135716363861e+00
2.699386182087199813e+03 2.284152711670413893e+00
2.706340357087200118e+03 2.284176636597083032e+00
2.713443882087200109e+03 2.284200875831012389e+00
2.720416727087200343e+03 2.284224476742297227e+00
2.727538922087199808e+03 2.284248389362827147e+00
2.734530432087200097e+03 2.284271674848317613e+00
2.741671292087199618e+03 2.284295266584657202e+00
2.748681472087200291e+03 2.284318239758455160e+00
2.755841007087200069e+03 2.284341511397634417e+00
2.762869857087199762e+03 2.284364170698011343e+00
2.770048057087200050e+03 2.284387119911244213e+00
2.777095572087200253e+03 2.284409462352430253e+00
2.784292442087200016e+03 2.284432088868952437e+00
2.791358632087200021e+03 2.284454123873339793e+00
2.798574167087199839e+03 2.284476445154227431e+00
2.805659022087199901e+03 2.284498190541968565e+00
2.812893232087199976e+03 2.284520223010213069e+00
2.819996757087199967e+03 2.284541692535127400e+00
2.827249632087199643e+03 2.284563439735737944e+00
2.834371822087200144e+03 2.284584617153536890e+00
2.841643367087199749e+03 2.284606061060040272e+00
2.848784232087199598e+03 2.284626951708035758e+00
2.856074447087199587e+03 2.284648110604528881e+00
2.863233977087199946e+03 2.284668726502493197e+00
2.870542857087199991e+03 2.284689608620165568e+00
2.877721057087200279e+03 2.284709959371094001e+00
2.885048612087200127e+03 2.284730571697777712e+00
2.892245482087199889e+03 2.284750656578337313e+00
2.899591702087200247e+03 2.284770996394403841e+00
2.906807242087199938e+03 2.284790816710310590e+00
2.914172132087199770e+03 2.284810886699366606e+00
2.921406337087199972e+03 2.284830443299931790e+00
2.928789892087199860e+03 2.284850245803675683e+00
2.936042772087200319e+03 2.284869545211119846e+00
2.943445002087200010e+03 2.284889085819437504e+00
2.950716547087200070e+03 2.284908127496023234e+00
2.958137442087200270e+03 2.284927404887048041e+00
2.965427652087199931e+03 2.284946191878721056e+00
2.972867217087200061e+03 2.284965213056481925e+00
2.980176102087199979e+03 2.284983755231750457e+00
2.987568744553900160e+03 2.285002364671341990e+00
2.994961887087200466e+03 2.285020830061902597e+00
3.002308107087199915e+03 2.285039033224440796e+00
3.009785012087199902e+03 2.285057410845384940e+00
3.017149902087200189e+03 2.285075373322035031e+00
3.024645472087199778e+03 2.285093519609346924e+00
3.032029032087199994e+03 2.285111260335391137e+00
3.039543272087199966e+03 2.285129176773934567e+00
3.046945502087199657e+03 2.285146690884649168e+00
3.054478412087200013e+03 2.285164377590695572e+00
3.061899307087200214e+03 2.285181666960131253e+00
3.069450887087200044e+03 2.285199124849901953e+00
3.076890452087199719e+03 2.285216194347484464e+00
3.084460702087200389e+03 2.285233436315126543e+00
3.091918937087199993e+03 2.285250297927648777e+00
3.099507852087199808e+03 2.285267326915287001e+00
3.106984752087199922e+03 2.285283973887778597e+00
3.114592337087199667e+03 2.285300775863953415e+00
3.122087912087199584e+03 2.285317201511122498e+00
3.129714167087200167e+03 2.285333786969369729e+00
3.137228407087200594e+03 2.285350004503429844e+00
3.144873332087200197e+03 2.285366378249691355e+00
3.152406242087200098e+03 2.285382391618552944e+00
3.160069832087200211e+03 2.285398562944750189e+00
3.167621412087200497e+03 2.285414377044256096e+00
3.175303672087200084e+03 2.285430340140614192e+00
3.182873917087199970e+03 2.285445949894714168e+00
3.190574847087199942e+03 2.285461708424912697e+00
3.198163767087200085e+03 2.285477120301772302e+00
3.205883367087199986e+03 2.285492679898638801e+00
3.213490952087200185e+03 2.285507899372384522e+00
3.221229222087200014e+03 2.285523264858707382e+00
3.228855477087200143e+03 2.285538293382173958e+00
3.236612412087200028e+03 2.285553462704759120e+00
3.244257332087199757e+03 2.285568298293608525e+00
3.252032937087199571e+03 2.285583272051944892e+00
3.259696532087200012e+03 2.285597920205876044e+00
3.267490807087200210e+03 2.285612709454109659e+00
3.275173067087199797e+03 2.285627178890761613e+00
3.282986012087199470e+03 2.285641785848688823e+00
3.290686942087199895e+03 2.285656078635418087e+00
3.298518557087199952e+03 2.285670509485060453e+00
3.306238157087199852e+03 2.285684631800038336e+00
3.314088437087199964e+03 2.285698889789710808e+00
3.321826707087199793e+03 2.285712842080913632e+00
3.329695657087199834e+03 2.285726924911905655e+00
3.337452592087200173e+03 2.285740701904698025e+00
3.345340212087200143e+03 2.285754604709664406e+00
3.353115817087199957e+03 2.285768209609197132e+00
3.361022107087200311e+03 2.285781943349981304e+00
3.368816382087199599e+03 2.285795383125349023e+00
3.376741337087200009e+03 2.285808945820692273e+00
3.384554282087200136e+03 2.285822215085873133e+00
3.392497907087199565e+03 2.285835604044967440e+00
3.400329517087199747e+03 2.285848705523225277e+00
3.408291812087200469e+03 2.285861927220341094e+00
3.416142097087200000e+03 2.285874868754783407e+00
3.424123062087199742e+03 2.285887930290614545e+00
3.431992012087199782e+03 2.285900710703169914e+00
3.439991647087199908e+03 2.285913602578243609e+00
3.447879267087200333e+03 2.285926215996104016e+00
3.455897567087200059e+03 2.285938941616423303e+00
3.463803852087200084e+03 2.285951398780146082e+00
3.471840822087200195e+03 2.285963972322326843e+00
3.479765782087199568e+03 2.285976281944765987e+00
3.487821422087199608e+03 2.285988702982162835e+00
3.495765047087199946e+03 2.286000858295050620e+00
3.503839357087199915e+03 2.286013121371170520e+00
3.511801652087200182e+03 2.286025131214468598e+00
3.519894632087199625e+03 2.286037254963174448e+00
3.527875597087200276e+03 2.286049123596705535e+00
3.535987242087200684e+03 2.286061096649819380e+00
3.543986872087200481e+03 2.286072817652095690e+00
3.552117187087200364e+03 2.286084644407871735e+00
3.560135492087199964e+03 2.286096227243690215e+00
3.568284477087199775e+03 2.286107917389821775e+00
3.576321447087200340e+03 2.286119364003681209e+00
3.584489097087199752e+03 2.286130910823324314e+00
3.592544737087199792e+03 2.286142214657655103e+00
3.600731062087199916e+03 2.286153618799255050e+00
3.608805372087199885e+03 2.286164788527087488e+00
3.617010362087200065e+03 2.286176058148179369e+00
3.625103337087200089e+03 2.286187090937446875e+00
3.633326997087199288e+03 2.286198220952699423e+00
3.641438647087200479e+03 2.286209125731463843e+00
3.649680977087200063e+03 2.286220130791064342e+00
3.657811292087199490e+03 2.286230908086938296e+00
3.666072287087199129e+03 2.286241779885277214e+00
3.674221267087199521e+03 2.286252429443506706e+00
3.682500937087199418e+03 2.286263173931051274e+00
3.690668592087200068e+03 2.286273697243065950e+00
3.698966927087200020e+03 2.286284311827392557e+00
3.707153252087199689e+03 2.286294707354711075e+00
3.715470257087199570e+03 2.286305191922644919e+00
3.723675247087199750e+03 2.286315459467692435e+00
3.732010922087200015e+03 2.286325816470270667e+00
3.740234582087200124e+03 2.286335964830211065e+00
3.748588922087199535e+03 2.286346206201232967e+00
3.756831252087200028e+03 2.286356244925233039e+00
3.765204262087199822e+03 2.286366375577444821e+00
3.773465257087200371e+03 2.286376302362800761e+00
3.781856937087200095e+03 2.286386316427744703e+00
3.790136607087199991e+03 2.286396128476049228e+00
3.798546957087200099e+03 2.286406026783254219e+00
3.806845292087200050e+03 2.286415726164520823e+00
3.815274312087200087e+03 2.286425509533443812e+00
3.823591317087199968e+03 2.286435094327556428e+00
3.832039002087199606e+03 2.286444760435476287e+00
3.840374672087200452e+03 2.286454230426171907e+00
3.848841032087200347e+03 2.286463778989574980e+00
3.857195377087199631e+03 2.286473131189948660e+00
3.865680402087200491e+03 2.286482561058152285e+00
3.874053412087199831e+03 2.286491801873902219e+00
3.882557102087199837e+03 2.286501122001085573e+00
3.890948782087199561e+03 2.286510255246835932e+00
3.899471147087199370e+03 2.286519466901318243e+00
3.907881497087199477e+03 2.286528496264657928e+00
3.916422527087200251e+03 2.286537605676159046e+00
3.924851547087200743e+03 2.286546537704364557e+00
3.933411247087200081e+03 2.286555543595707896e+00
3.941858932087200174e+03 2.286564361677414059e+00
3.950437302087200351e+03 2.286573248906122124e+00
3.958903657087199917e+03 2.286581958196768571e+00
3.967500697087200024e+03 2.286590742366936269e+00
3.975985722087199520e+03 2.286599356349609646e+00
3.984601427087200136e+03 2.286608046589713616e+00
3.993105122087200016e+03 2.286616568174533626e+00
4.001739502087199980e+03 2.286625161010362284e+00
4.010261867087200244e+03 2.286633580196433257e+00
4.018914912087200264e+03 2.286642066227585257e+00
4.027455942087200128e+03 2.286650381973629909e+00
4.036127404553900305e+03 2.286658766257226194e+00
4.053265474553899367e+03 2.286675171305120102e+00
4.061956107087199598e+03 2.286683405619753806e+00
4.070553147087200159e+03 2.286691496981391847e+00
4.079262202087199967e+03 2.286699640776432840e+00
4.087877907087200583e+03 2.286707642965327025e+00
4.096605627087199537e+03 2.286715692291876767e+00
4.105240002087200082e+03 2.286723600394534817e+00
4.113986392087200329e+03 2.286731556465779303e+00
4.122639437087200349e+03 2.286739374279602721e+00
4.131404492087200197e+03 2.286747239881762095e+00
4.140076207087199691e+03 2.286754968368099217e+00
4.148859937087199796e+03 2.286762742324200737e+00
4.157550322087200584e+03 2.286770381905116611e+00
4.166352717087199380e+03 2.286778069284328474e+00
4.175061767087199769e+03 2.286785623172663762e+00
4.183882832087199859e+03 2.286793220003861205e+00
4.192610552087199721e+03 2.286800684723957922e+00
4.201450287087200195e+03 2.286808195083692929e+00
4.210196677087199532e+03 2.286815579263383302e+00
4.219055082087199480e+03 2.286823012626789442e+00
4.227820142087200111e+03 2.286830319840757131e+00
4.236697212087199659e+03 2.286837669210983304e+00
4.245480942087200674e+03 2.286844889816441739e+00
4.254376687087199571e+03 2.286852150154689234e+00
4.263179082087200186e+03 2.286859284802933434e+00
4.272093492087199593e+03 2.286866462040459957e+00
4.280914557087199682e+03 2.286873516756564140e+00
4.289847637087200383e+03 2.286880613903572890e+00
4.298687372087199947e+03 2.286887593225052751e+00
4.307639117087200248e+03 2.286894619340186452e+00
4.316497522087200196e+03 2.286901529695079205e+00
4.325467942087200754e+03 2.286908483027538352e+00
4.334345012087200303e+03 2.286915320672530783e+00
4.343334097087200462e+03 2.286922201241415653e+00
4.352229837087200394e+03 2.286928966177964817e+00
4.361237592087200028e+03 2.286935770666393530e+00
4.370152002087199435e+03 2.286942460255170673e+00
4.379178422087199579e+03 2.286949189706509955e+00
4.388111502087199369e+03 2.286955806801423297e+00
4.397156597087200680e+03 2.286962463999755890e+00
4.406108347087199945e+03 2.286969008074680509e+00
4.415172107087199947e+03 2.286975587767677176e+00
4.424142522087199723e+03 2.286982055659235513e+00
4.433224952087200109e+03 2.286988561890284544e+00
4.442214037087200268e+03 2.286994961983472852e+00
4.451315137087201038e+03 2.287001403224216745e+00
4.460322892087199762e+03 2.287007736742433295e+00
4.469442662087200006e+03 2.287014105676066666e+00
4.478469087087200023e+03 2.287020371446359057e+00
4.487607522087199868e+03 2.287026678614200392e+00
4.496652617087200269e+03 2.287032880318104144e+00
4.505809722087199589e+03 2.287039113862874284e+00
4.514873482087199591e+03 2.287045240477099561e+00
4.524049257087199294e+03 2.287051400493304687e+00
4.533131687087200589e+03 2.287057457825723450e+00
4.542326132087199767e+03 2.287063550584482297e+00
4.551427232087200537e+03 2.287069543111925451e+00
4.560640347087200098e+03 2.287075570658623658e+00
4.569760112087199559e+03 2.287081497289715770e+00
4.578991892087199631e+03 2.287087456338315672e+00
4.588130332087200259e+03 2.287093318243966777e+00
4.597380782087199805e+03 2.287099216032487448e+00
4.606537887087200033e+03 2.287105017377095262e+00
4.615807007087199963e+03 2.287110851978401360e+00
4.624982782087199666e+03 2.287116590885640122e+00
4.634270572087199980e+03 2.287122363101914413e+00
4.643465017087200977e+03 2.287128042788376447e+00
4.652771472087199982e+03 2.287133757221221142e+00
4.661984587087199543e+03 2.287139378023888003e+00
4.671309717087199715e+03 2.287145029367460225e+00
4.680541497087199787e+03 2.287150587825239612e+00
4.689885292087200469e+03 2.287156176726894863e+00
4.699135742087200015e+03 2.287161670789089829e+00
4.708498207087199262e+03 2.287167190704666009e+00
4.717767327087200101e+03 2.287172616125422664e+00
4.727148457087200768e+03 2.287178069324156571e+00
4.736436247087200172e+03 2.287183434127531445e+00
4.745836052087200187e+03 2.287188830764318670e+00
4.755142507087200102e+03 2.287194141095812761e+00
4.764560977087199717e+03 2.287199482492284108e+00
4.773886102087200015e+03 2.287204739174304446e+00
4.783323242087199105e+03 2.287210026880981406e+00
4.792667042087199661e+03 2.287215229648497328e+00
4.802122852087200044e+03 2.287220461120918813e+00
4.811485312087200327e+03 2.287225607272769690e+00
4.820959787087200311e+03 2.287230782094634929e+00
4.830340922087199942e+03 2.287235876006279423e+00
4.839834072087200184e+03 2.287241000557497017e+00
4.849233872087199416e+03 2.287246042357919062e+00
4.858745687087200167e+03 2.287251110545676980e+00
4.868164162087200566e+03 2.287256096358312618e+00
4.877694647087199883e+03 2.287261108745754612e+00
4.887131787087199882e+03 2.287266039225035463e+00
4.896680937087199709e+03 2.287270995015319830e+00
4.906136742087200219e+03 2.287275870248507204e+00
4.915704567087200303e+03 2.287280772659973316e+00
4.925179047087200161e+03 2.287285599403045655e+00
4.934765537087199846e+03 2.287290455854503080e+00
4.944258682087200214e+03 2.287295237472502851e+00
4.953863842087200283e+03 2.287300046275934307e+00
4.963375657087200125e+03 2.287304777367834774e+00
4.972999487087199668e+03 2.287309533072950263e+00
4.982529972087199894e+03 2.287314213937422291e+00
4.992172472087199822e+03 2.287318921254010373e+00
5.001721627087200432e+03 2.287323553860166836e+00
5.011382792087199959e+03 2.287328212496236191e+00
5.020950612087200170e+03 2.287332800508819375e+00
5.030630447087200082e+03 2.287337416160592607e+00
5.040216942087199641e+03 2.287341959953792969e+00
5.049915447087200846e+03 2.287346527914117189e+00
5.059520607087200005e+03 2.287351021881420809e+00
5.069237782087199776e+03 2.287355537048598286e+00
5.078861612087199319e+03 2.287359977635006647e+00
5.088597452087199599e+03 2.287364440533174115e+00
5.098239947087199653e+03 2.287368835286334612e+00
5.107994462087199281e+03 2.287373255726238064e+00
5.117655632087200502e+03 2.287377606579874989e+00
5.127428812087200640e+03 2.287381982383559276e+00
5.137108647087200552e+03 2.287386295876263187e+00
5.146900497087200165e+03 2.287390636950739520e+00
5.156599002087199551e+03 2.287394909641527807e+00
5.166409517087200584e+03 2.287399203919403323e+00
5.176126692087200354e+03 2.287403431611287452e+00
5.185955882087199825e+03 2.287407680859705472e+00
5.195691722087200105e+03 2.287411860295411437e+00
5.205539577087200087e+03 2.287416058975900945e+00
5.215294087087200751e+03 2.287420191852551632e+00
5.225160612087200207e+03 2.287424346770436046e+00
5.234933797087200219e+03 2.287428437237944312e+00
5.244818992087200968e+03 2.287432549590837194e+00
5.254610837087199798e+03 2.287436598952012012e+00
5.264514702087200021e+03 2.287440670369850881e+00
5.274325222087200927e+03 2.287444679446267060e+00
5.284247752087199842e+03 2.287448710548791730e+00
5.294076942087200223e+03 2.287452680726720811e+00
5.304018142087200431e+03 2.287456671640606842e+00
5.313865997087200412e+03 2.287460599069296219e+00
5.323825867087200095e+03 2.287464546388538800e+00
5.333692392087199551e+03 2.287468434697376374e+00
5.343670932087199617e+03 2.287472343722011026e+00
5.353556127087200366e+03 2.287476190749634597e+00
5.363553332087200033e+03 2.287480054951315900e+00
5.373457192087200383e+03 2.287483856493310430e+00
5.383473072087199398e+03 2.287487677785021933e+00
5.393395607087200005e+03 2.287491445185445116e+00
5.403430152087200440e+03 2.287495232505510234e+00
5.413371352087199739e+03 2.287498955955891144e+00
5.423424567087199648e+03 2.287502693600568460e+00
5.433384437087199331e+03 2.287506371926721460e+00
5.443456317087199750e+03 2.287510069373674515e+00
5.453434852087199033e+03 2.287513712947579769e+00
5.463525407087199710e+03 2.287517376230810751e+00
5.473522617087200160e+03 2.287520982623552079e+00
5.483631837087200438e+03 2.287524608996906128e+00
5.493647712087199579e+03 2.287528185243677736e+00
5.503775602087200241e+03 2.287531782313243056e+00
5.513810147087199766e+03 2.287535323994589476e+00
5.523956707087200812e+03 2.287538883223416697e+00
5.534009922087199811e+03 2.287542388931807835e+00
5.544175147087199548e+03 2.287545913328444147e+00
5.554247032087199841e+03 2.287549385780742739e+00
5.564430932087199835e+03 2.287552877279341867e+00
5.574521482087199729e+03 2.287556317526845184e+00
5.584724047087199324e+03 2.287559775014970320e+00
5.594833272087199475e+03 2.287563178478761561e+00
5.605054507087199454e+03 2.287566597344111496e+00
5.615182397087200115e+03 2.287569963424404218e+00
5.625422297087199695e+03 2.287573345918885170e+00
5.635568852087199957e+03 2.287576677933325975e+00
5.645827427087199794e+03 2.287580027347389411e+00
5.655992657087199404e+03 2.287583327532737965e+00
5.666269897087199752e+03 2.287586646644557575e+00
5.676453792087200782e+03 2.287589919862158983e+00
5.686749702087199694e+03 2.287593209757705193e+00
5.696952267087199289e+03 2.287596447038951375e+00
5.707266847087199494e+03 2.287599699118772811e+00
5.717488082087200382e+03 2.287602903773397145e+00
5.727821332087200062e+03 2.287606123532545332e+00
5.738061237087200425e+03 2.287609292404525263e+00
5.748413152087200615e+03 2.287612477149055135e+00
5.758671727087199542e+03 2.287615617904368737e+00
5.769042312087199207e+03 2.287618777898057676e+00
5.779319552087199554e+03 2.287621894831608937e+00
5.789699224553900422e+03 2.287625025805342993e+00
5.810309714553899539e+03 2.287631189099250228e+00
5.820727222087200971e+03 2.287634278915913644e+00
5.831060467087200777e+03 2.287637324944710393e+00
5.841487062087199774e+03 2.287640376358043515e+00
5.851838982087199838e+03 2.287643387390517535e+00
5.862284242087200255e+03 2.287646410345088643e+00
5.872654827087199919e+03 2.287649397251756422e+00
5.883118757087199810e+03 2.287652397085179423e+00
5.893508012087199859e+03 2.287655359350159845e+00
5.903990612087200134e+03 2.287658329666598878e+00
5.914398537087199657e+03 2.287661260938543606e+00
5.924899807087199406e+03 2.287664201056357260e+00
5.935326397087200348e+03 2.287667103679354330e+00
5.945846332087199698e+03 2.287670016207554280e+00
5.956291597087199079e+03 2.287672891673626641e+00
5.966830207087200506e+03 2.287675775871661266e+00
5.977294137087200397e+03 2.287678621886682695e+00
5.987851412087200515e+03 2.287681474536610970e+00
5.998334012087199881e+03 2.287684289045607944e+00
6.008909952087200509e+03 2.287687111337490364e+00
6.019411222087200258e+03 2.287689898659174048e+00
6.030005837087200234e+03 2.287692697469203562e+00
6.040525772087199584e+03 2.287695462820988901e+00
6.051139052087200071e+03 2.287698238117069849e+00
6.061677657087200714e+03 2.287700976629047034e+00
6.072309612087200549e+03 2.287703719508938693e+00
6.082866887087199757e+03 2.287706424335727462e+00
6.093517507087199192e+03 2.287709135301553065e+00
6.099404184620499109e+03 2.287710626659008373e+00
6.108663717087199984e+03 2.287712963784673370e+00
6.114706142087199623e+03 2.287714483188300729e+00
6.124785224620500230e+03 2.287717008478479475e+00
6.134026682087200243e+03 2.287719314338786170e+00
6.145155494553900098e+03 2.287722077422958300e+00
6.157241152087200135e+03 2.287725059294154928e+00
6.167873102087200095e+03 2.287727665503331398e+00
6.186070607087200187e+03 2.287732085709491603e+00
6.196721227087200532e+03 2.287734647581765035e+00
6.202904184553900450e+03 2.287736127272046893e+00
6.213516874553899470e+03 2.287738659368082406e+00
6.228285219553899879e+03 2.287742166294145729e+00
6.242339042087199232e+03 2.287745483267970226e+00
6.254940237087199421e+03 2.287748439676445589e+00
6.280411039553900991e+03 2.287754356995182814e+00
6.311087787087200013e+03 2.287761372496351697e+00
6.337366982087200086e+03 2.287767288214853423e+00
6.389116979553899910e+03 2.287778711659946396e+00
6.430121062087200698e+03 2.287787560662627673e+00
6.484925097087199902e+03 2.287799112639395283e+00
6.564068137087199830e+03 2.287815232963485546e+00
6.643211182087199631e+03 2.287830686219327170e+00
6.757502432087200759e+03 2.287851912761975193e+00
6.871793682087200068e+03 2.287871989774604042e+00
7.036842792087199086e+03 2.287899179502716152e+00
7.201891902087200833e+03 2.287924339826144404e+00
7.440240947087199856e+03 2.287957557374117101e+00
7.678589992087201608e+03 2.287987473644846670e+00
8.022792187087199636e+03 2.288025802403547360e+00
8.366994382087201302e+03 2.288059044962917010e+00
8.864060152087200549e+03 2.288099956604856100e+00
9.361125922087199797e+03 2.288133911496224471e+00
1.007894349208720087e+04 2.288173823443130583e+00
1.079676103208719906e+04 2.288205401083015289e+00
1.183336838208720110e+04 2.288240586461555370e+00
1.286997578208720006e+04 2.288266910946615607e+00
1.436695073208719987e+04 2.288294438395009234e+00
1.586392563208720276e+04 2.288313961506794225e+00
1.802572178208720288e+04 2.288333113578811862e+00
2.018751793208720119e+04 2.288346147748887560e+00
2.330938898208719911e+04 2.288358268278726015e+00
2.643126008208720305e+04 2.288366327478740470e+00
3.093958473208720170e+04 2.288373912176939307e+00
3.544790938208720036e+04 2.288379815621852220e+00
4.195842528208720614e+04 2.288386191611939680e+00
4.846894118208720465e+04 2.288390818838333285e+00
5.787084113208720373e+04 2.288396539934823171e+00
6.727274108208720281e+04 2.288403435182635448e+00
8.085011713208719448e+04 2.288412398885482979e+00
9.442749318208720069e+04 2.288416676897659485e+00
1.140347152320872556e+05 2.288418393064389544e+00
1.336419370820872136e+05 2.288419154186287052e+00
1.619569190820872027e+05 2.288419665223358379e+00
1.902719010820872500e+05 2.288420745817764779e+00
2.311618445820871857e+05 2.288423716281879905e+00
2.720517880820871796e+05 2.288428826702239238e+00
3.311013570820871973e+05 2.288436166599158827e+00
3.901509260820871568e+05 2.288438991109469800e+00
4.754249880820871913e+05 2.288439108912040609e+00
5.606990505820872495e+05 2.288439225210480377e+00
